0	0	0.00000
1	1	0.00000
2	2	0.00000
3	3	0.00000
4	4	0.00000
5	5	0.00000
6	6	0.00000
7	7	0.00000
8	8	0.00000
9	9	0.00000
10	10	0.00000
11	11	0.00000
12	12	0.00000
13	13	0.00000
14	14	0.00000
15	15	0.00000
16	16	0.00000
17	17	0.00000
18	18	0.00000
19	19	0.00000
20	20	0.00000
21	21	0.00000
22	22	0.00000
23	23	0.00000
24	24	0.00000
25	25	0.00000
26	26	0.00000
27	27	0.00000
28	28	0.00000
29	29	0.00000
30	30	0.00000
31	31	0.00000
32	32	0.00000
33	33	0.00000
34	34	0.00000
35	35	0.00000
36	36	0.00000
37	37	0.00000
38	38	0.00000
39	39	0.00000
40	40	0.00000
41	41	0.00000
42	42	0.00000
43	43	0.00000
44	44	0.00000
45	45	0.00000
46	46	0.00000
47	47	0.00000
48	48	0.00000
49	49	0.00000
50	50	0.00000
51	51	0.00000
52	52	0.00000
53	53	0.00000
54	54	0.00000
55	55	0.00000
56	56	0.00000
57	57	0.00000
58	58	0.00000
59	59	0.00000
60	60	0.00000
61	61	0.00000
62	62	0.00000
63	63	0.00000
64	64	0.00000
65	65	0.00000
66	66	0.00000
67	67	0.00000
68	68	0.00000
69	69	0.00000
70	70	0.00000
71	71	0.00000
72	72	0.00000
73	73	0.00000
74	74	0.00000
75	75	0.00000
76	76	0.00000
77	77	0.00000
78	78	0.00000
79	79	0.00000
80	80	0.00000
81	81	0.00000
82	82	0.00000
83	83	0.00000
84	84	0.00000
85	85	0.00000
86	86	0.00000
87	87	0.00000
88	88	0.00000
89	89	0.00000
90	90	0.00000
91	91	0.00000
92	92	0.00000
93	93	0.00000
94	94	0.00000
95	95	0.00000
96	96	0.00000
97	97	0.00000
98	98	0.00000
99	99	0.00000
100	100	0.00000
101	101	0.00000
102	102	0.00000
103	103	0.00000
104	104	0.00000
105	105	0.00000
106	106	0.00000
107	107	0.00000
108	108	0.00000
109	109	0.00000
110	110	0.00000
111	111	0.00000
112	112	0.00000
113	113	0.00000
114	114	0.00000
115	115	0.00000
116	116	0.00000
117	117	0.00000
118	118	0.00000
119	119	0.00000
120	120	0.00000
121	121	0.00000
122	122	0.00000
123	123	0.00000
124	124	0.00000
125	125	0.00000
126	126	0.00000
127	127	0.00000
128	128	0.00000
129	129	0.00000
130	130	0.00000
131	131	0.00000
132	132	0.00000
133	133	0.00000
134	134	0.00000
135	135	0.00000
136	136	0.00000
137	137	0.00000
138	138	0.00000
139	139	0.00000
140	140	0.00000
141	141	0.00000
142	142	0.00000
143	143	0.00000
144	144	0.00000
145	145	0.00000
146	146	0.00000
147	147	0.00000
148	148	0.00000
149	149	0.00000
150	150	0.00000
151	151	0.00000
152	152	0.00000
153	153	0.00000
154	154	0.00000
155	155	0.00000
156	156	0.00000
157	157	0.00000
158	158	0.00000
159	159	0.00000
160	160	0.00000
161	161	0.00000
162	162	0.00000
163	163	0.00000
164	164	0.00000
165	165	0.00000
166	166	0.00000
167	167	0.00000
168	168	0.00000
169	169	0.00000
170	170	0.00000
171	171	0.00000
172	172	0.00000
173	173	0.00000
174	174	0.00000
175	175	0.00000
176	176	0.00000
177	177	0.00000
178	178	0.00000
179	179	0.00000
180	180	0.00000
181	181	0.00000
182	182	0.00000
183	183	0.00000
184	184	0.00000
185	185	0.00000
186	186	0.00000
187	187	0.00000
188	188	0.00000
189	189	0.00000
190	190	0.00000
191	191	0.00000
192	192	0.00000
193	193	0.00000
194	194	0.00000
195	195	0.00000
196	196	0.00000
197	197	0.00000
198	198	0.00000
199	199	0.00000
200	200	0.00000
201	201	0.00000
202	202	0.00000
203	203	0.00000
204	204	0.00000
205	205	0.00000
206	206	0.00000
207	207	0.00000
208	208	0.00000
209	209	0.00000
210	210	0.00000
211	211	0.00000
212	212	0.00000
213	213	0.00000
214	214	0.00000
215	215	0.00000
216	216	0.00000
217	217	0.00000
218	218	0.00000
219	219	0.00000
220	220	0.00000
221	221	0.00000
222	222	0.00000
223	223	0.00000
224	224	0.00000
225	225	0.00000
226	226	0.00000
227	227	0.00000
228	228	0.00000
229	229	0.00000
230	230	0.00000
231	231	0.00000
232	232	0.00000
233	233	0.00000
234	234	0.00000
235	235	0.00000
236	236	0.00000
237	237	0.00000
238	238	0.00000
239	239	0.00000
240	240	0.00000
241	241	0.00000
242	242	0.00000
243	243	0.00000
244	244	0.00000
245	245	0.00000
246	246	0.00000
247	247	0.00000
248	248	0.00000
249	249	0.00000
250	250	0.00000
251	251	0.00000
252	252	0.00000
253	253	0.00000
254	254	0.00000
255	255	0.00000
256	256	0.00000
257	257	0.00000
258	258	0.00000
259	259	0.00000
260	260	0.00000
261	261	0.00000
262	262	0.00000
263	263	0.00000
264	264	0.00000
265	265	0.00000
266	266	0.00000
267	267	0.00000
268	268	0.00000
269	269	0.00000
270	270	0.00000
271	271	0.00000
272	272	0.00000
273	273	0.00000
274	274	0.00000
275	275	0.00000
276	276	0.00000
277	277	0.00000
278	278	0.00000
279	279	0.00000
280	280	0.00000
281	281	0.00000
282	282	0.00000
283	283	0.00000
284	284	0.00000
285	285	0.00000
286	286	0.00000
287	287	0.00000
288	288	0.00000
289	289	0.00000
290	290	0.00000
291	291	0.00000
292	292	0.00000
293	293	0.00000
294	294	0.00000
295	295	0.00000
296	296	0.00000
297	297	0.00000
298	298	0.00000
299	299	0.00000
300	300	0.00000
301	301	0.00000
302	302	0.00000
303	303	0.00000
304	304	0.00000
305	305	0.00000
306	306	0.00000
307	307	0.00000
308	308	0.00000
309	309	0.00000
310	310	0.00000
311	311	0.00000
312	312	0.00000
313	313	0.00000
314	314	0.00000
315	315	0.00000
316	316	0.00000
317	317	0.00000
318	318	0.00000
319	319	0.00000
320	320	0.00000
321	321	0.00000
322	322	0.00000
323	323	0.00000
324	324	0.00000
325	325	0.00000
326	326	0.00000
327	327	0.00000
328	328	0.00000
329	329	0.00000
330	330	0.00000
331	331	0.00000
332	332	0.00000
333	333	0.00000
334	334	0.00000
335	335	0.00000
336	336	0.00000
337	337	0.00000
338	338	0.00000
339	339	0.00000
340	340	0.00000
341	341	0.00000
342	342	0.00000
343	343	0.00000
344	344	0.00000
345	345	0.00000
346	346	0.00000
347	347	0.00000
348	348	0.00000
349	349	0.00000
350	350	0.00000
351	351	0.00000
352	352	0.00000
353	353	0.00000
354	354	0.00000
355	355	0.00000
356	356	0.00000
357	357	0.00000
358	358	0.00000
359	359	0.00000
360	360	0.00000
361	361	0.00000
362	362	0.00000
363	363	0.00000
364	364	0.00000
365	365	0.00000
366	366	0.00000
367	367	0.00000
368	368	0.00000
369	369	0.00000
370	370	0.00000
371	371	0.00000
372	372	0.00000
373	373	0.00000
374	374	0.00000
375	375	0.00000
376	376	0.00000
377	377	0.00000
378	378	0.00000
379	379	0.00000
380	380	0.00000
381	381	0.00000
382	382	0.00000
383	383	0.00000
384	384	0.00000
385	385	0.00000
386	386	0.00000
387	387	0.00000
388	388	0.00000
389	389	0.00000
390	390	0.00000
391	391	0.00000
392	392	0.00000
393	393	0.00000
394	394	0.00000
395	395	0.00000
396	396	0.00000
397	397	0.00000
398	398	0.00000
399	399	0.00000
400	400	0.00000
401	401	0.00000
402	402	0.00000
403	403	0.00000
404	404	0.00000
405	405	0.00000
406	406	0.00000
407	407	0.00000
408	408	0.00000
409	409	0.00000
410	410	0.00000
411	411	0.00000
412	412	0.00000
413	413	0.00000
414	414	0.00000
415	415	0.00000
416	416	0.00000
417	417	0.00000
418	418	0.00000
419	419	0.00000
420	420	0.00000
421	421	0.00000
422	422	0.00000
423	423	0.00000
424	424	0.00000
425	425	0.00000
426	426	0.00000
427	427	0.00000
428	428	0.00000
429	429	0.00000
430	430	0.00000
431	431	0.00000
432	432	0.00000
433	433	0.00000
434	434	0.00000
435	435	0.00000
436	436	0.00000
437	437	0.00000
438	438	0.00000
439	439	0.00000
440	440	0.00000
441	441	0.00000
442	442	0.00000
443	443	0.00000
444	444	0.00000
445	445	0.00000
446	446	0.00000
447	447	0.00000
448	448	0.00000
449	449	0.00000
450	450	0.00000
451	451	0.00000
452	452	0.00000
453	453	0.00000
454	454	0.00000
455	455	0.00000
456	456	0.00000
457	457	0.00000
458	458	0.00000
459	459	0.00000
460	460	0.00000
461	461	0.00000
462	462	0.00000
463	463	0.00000
464	464	0.00000
465	465	0.00000
466	466	0.00000
467	467	0.00000
468	468	0.00000
469	469	0.00000
470	470	0.00000
471	471	0.00000
472	472	0.00000
473	473	0.00000
474	474	0.00000
475	475	0.00000
476	476	0.00000
477	477	0.00000
478	478	0.00000
479	479	0.00000
480	480	0.00000
481	481	0.00000
482	482	0.00000
483	483	0.00000
484	484	0.00000
485	485	0.00000
486	486	0.00000
487	487	0.00000
488	488	0.00000
489	489	0.00000
490	490	0.00000
491	491	0.00000
492	492	0.00000
493	493	0.00000
494	494	0.00000
495	495	0.00000
496	496	0.00000
497	497	0.00000
498	498	0.00000
499	499	0.00000
500	500	0.00000
501	501	0.00000
502	502	0.00000
503	503	0.00000
504	504	0.00000
505	505	0.00000
506	506	0.00000
507	507	0.00000
508	508	0.00000
509	509	0.00000
510	510	0.00000
511	511	0.00000
512	512	0.00000
513	513	0.00000
514	514	0.00000
515	515	0.00000
516	516	0.00000
517	517	0.00000
518	518	0.00000
519	519	0.00000
520	520	0.00000
521	521	0.00000
522	522	0.00000
523	523	0.00000
524	524	0.00000
525	525	0.00000
526	526	0.00000
527	527	0.00000
528	528	0.00000
529	529	0.00000
530	530	0.00000
531	531	0.00000
532	532	0.00000
533	533	0.00000
534	534	0.00000
535	535	0.00000
536	536	0.00000
537	537	0.00000
538	538	0.00000
539	539	0.00000
540	540	0.00000
541	541	0.00000
542	542	0.00000
543	543	0.00000
544	544	0.00000
545	545	0.00000
546	546	0.00000
547	547	0.00000
548	548	0.00000
549	549	0.00000
550	550	0.00000
551	551	0.00000
552	552	0.00000
553	553	0.00000
554	554	0.00000
555	555	0.00000
556	556	0.00000
557	557	0.00000
558	558	0.00000
559	559	0.00000
560	560	0.00000
561	561	0.00000
562	562	0.00000
563	563	0.00000
564	564	0.00000
565	565	0.00000
566	566	0.00000
567	567	0.00000
568	568	0.00000
569	569	0.00000
570	570	0.00000
571	571	0.00000
572	572	0.00000
573	573	0.00000
574	574	0.00000
575	575	0.00000
576	576	0.00000
577	577	0.00000
578	578	0.00000
579	579	0.00000
580	580	0.00000
581	581	0.00000
582	582	0.00000
583	583	0.00000
584	584	0.00000
585	585	0.00000
586	586	0.00000
587	587	0.00000
588	588	0.00000
589	589	0.00000
590	590	0.00000
591	591	0.00000
592	592	0.00000
593	593	0.00000
594	594	0.00000
595	595	0.00000
596	596	0.00000
597	597	0.00000
598	598	0.00000
599	599	0.00000
600	600	0.00000
601	601	0.00000
602	602	0.00000
603	603	0.00000
604	604	0.00000
605	605	0.00000
606	606	0.00000
607	607	0.00000
608	608	0.00000
609	609	0.00000
610	610	0.00000
611	611	0.00000
612	612	0.00000
613	613	0.00000
614	614	0.00000
615	615	0.00000
616	616	0.00000
617	617	0.00000
618	618	0.00000
619	619	0.00000
620	620	0.00000
621	621	0.00000
622	622	0.00000
623	623	0.00000
624	624	0.00000
625	625	0.00000
626	626	0.00000
627	627	0.00000
628	628	0.00000
629	629	0.00000
630	630	0.00000
631	631	0.00000
632	632	0.00000
633	633	0.00000
634	634	0.00000
635	635	0.00000
636	636	0.00000
637	637	0.00000
638	638	0.00000
639	639	0.00000
640	640	0.00000
641	641	0.00000
642	642	0.00000
643	643	0.00000
644	644	0.00000
645	645	0.00000
646	646	0.00000
647	647	0.00000
648	648	0.00000
649	649	0.00000
650	650	0.00000
651	651	0.00000
652	652	0.00000
653	653	0.00000
654	654	0.00000
655	655	0.00000
656	656	0.00000
657	657	0.00000
658	658	0.00000
659	659	0.00000
660	660	0.00000
661	661	0.00000
662	662	0.00000
663	663	0.00000
664	664	0.00000
665	665	0.00000
666	666	0.00000
667	667	0.00000
668	668	0.00000
669	669	0.00000
670	670	0.00000
671	671	0.00000
672	672	0.00000
673	673	0.00000
674	674	0.00000
675	675	0.00000
676	676	0.00000
677	677	0.00000
678	678	0.00000
679	679	0.00000
680	680	0.00000
681	681	0.00000
682	682	0.00000
683	683	0.00000
684	684	0.00000
685	685	0.00000
686	686	0.00000
687	687	0.00000
688	688	0.00000
689	689	0.00000
690	690	0.00000
691	691	0.00000
692	692	0.00000
693	693	0.00000
694	694	0.00000
695	695	0.00000
696	696	0.00000
697	697	0.00000
698	698	0.00000
699	699	0.00000
700	700	0.00000
701	701	0.00000
702	702	0.00000
703	703	0.00000
704	704	0.00000
705	705	0.00000
706	706	0.00000
707	707	0.00000
708	708	0.00000
709	709	0.00000
710	710	0.00000
711	711	0.00000
712	712	0.00000
713	713	0.00000
714	714	0.00000
715	715	0.00000
716	716	0.00000
717	717	0.00000
718	718	0.00000
719	719	0.00000
720	720	0.00000
721	721	0.00000
722	722	0.00000
723	723	0.00000
724	724	0.00000
725	725	0.00000
726	726	0.00000
727	727	0.00000
728	728	0.00000
729	729	0.00000
730	730	0.00000
731	731	0.00000
732	732	0.00000
733	733	0.00000
734	734	0.00000
735	735	0.00000
736	736	0.00000
737	737	0.00000
738	738	0.00000
739	739	0.00000
740	740	0.00000
741	741	0.00000
742	742	0.00000
743	743	0.00000
744	744	0.00000
745	745	0.00000
746	746	0.00000
747	747	0.00000
748	748	0.00000
749	749	0.00000
750	750	0.00000
751	751	0.00000
752	752	0.00000
753	753	0.00000
754	754	0.00000
755	755	0.00000
756	756	0.00000
757	757	0.00000
758	758	0.00000
759	759	0.00000
760	760	0.00000
761	761	0.00000
762	762	0.00000
763	763	0.00000
764	764	0.00000
765	765	0.00000
766	766	0.00000
767	767	0.00000
768	768	0.00000
769	769	0.00000
770	770	0.00000
771	771	0.00000
772	772	0.00000
773	773	0.00000
774	774	0.00000
775	775	0.00000
776	776	0.00000
777	777	0.00000
778	778	0.00000
779	779	0.00000
780	780	0.00000
781	781	0.00000
782	782	0.00000
783	783	0.00000
784	784	0.00000
785	785	0.00000
786	786	0.00000
787	787	0.00000
788	788	0.00000
789	789	0.00000
790	790	0.00000
791	791	0.00000
792	792	0.00000
793	793	0.00000
794	794	0.00000
795	795	0.00000
796	796	0.00000
797	797	0.00000
798	798	0.00000
799	799	0.00000
800	800	0.00000
801	801	0.00000
802	802	0.00000
803	803	0.00000
804	804	0.00000
805	805	0.00000
806	806	0.00000
807	807	0.00000
808	808	0.00000
809	809	0.00000
810	810	0.00000
811	811	0.00000
812	812	0.00000
813	813	0.00000
814	814	0.00000
815	815	0.00000
816	816	0.00000
817	817	0.00000
818	818	0.00000
819	819	0.00000
820	820	0.00000
821	821	0.00000
822	822	0.00000
823	823	0.00000
824	824	0.00000
825	825	0.00000
826	826	0.00000
827	827	0.00000
828	828	0.00000
829	829	0.00000
830	830	0.00000
831	831	0.00000
832	832	0.00000
833	833	0.00000
834	834	0.00000
835	835	0.00000
836	836	0.00000
837	837	0.00000
838	838	0.00000
839	839	0.00000
840	840	0.00000
841	841	0.00000
842	842	0.00000
843	843	0.00000
844	844	0.00000
845	845	0.00000
846	846	0.00000
847	847	0.00000
848	848	0.00000
849	849	0.00000
850	850	0.00000
851	851	0.00000
852	852	0.00000
853	853	0.00000
854	854	0.00000
855	855	0.00000
856	856	0.00000
857	857	0.00000
858	858	0.00000
859	859	0.00000
860	860	0.00000
861	861	0.00000
862	862	0.00000
863	863	0.00000
864	864	0.00000
865	865	0.00000
866	866	0.00000
867	867	0.00000
868	868	0.00000
869	869	0.00000
870	870	0.00000
871	871	0.00000
872	872	0.00000
873	873	0.00000
874	874	0.00000
875	875	0.00000
876	876	0.00000
877	877	0.00000
878	878	0.00000
879	879	0.00000
880	880	0.00000
881	881	0.00000
882	882	0.00000
883	883	0.00000
884	884	0.00000
885	885	0.00000
886	886	0.00000
887	887	0.00000
888	888	0.00000
889	889	0.00000
890	890	0.00000
891	891	0.00000
892	892	0.00000
893	893	0.00000
894	894	0.00000
895	895	0.00000
896	896	0.00000
897	897	0.00000
898	898	0.00000
899	899	0.00000
900	900	0.00000
901	901	0.00000
902	902	0.00000
903	903	0.00000
904	904	0.00000
905	905	0.00000
906	906	0.00000
907	907	0.00000
908	908	0.00000
909	909	0.00000
910	910	0.00000
911	911	0.00000
912	912	0.00000
913	913	0.00000
914	914	0.00000
915	915	0.00000
916	916	0.00000
917	917	0.00000
918	918	0.00000
919	919	0.00000
920	920	0.00000
921	921	0.00000
922	922	0.00000
923	923	0.00000
924	924	0.00000
925	925	0.00000
926	926	0.00000
927	927	0.00000
928	928	0.00000
929	929	0.00000
930	930	0.00000
931	931	0.00000
932	932	0.00000
933	933	0.00000
934	934	0.00000
935	935	0.00000
936	936	0.00000
937	937	0.00000
938	938	0.00000
939	939	0.00000
940	940	0.00000
941	941	0.00000
942	942	0.00000
943	943	0.00000
944	944	0.00000
945	945	0.00000
946	946	0.00000
947	947	0.00000
948	948	0.00000
949	949	0.00000
950	950	0.00000
951	951	0.00000
952	952	0.00000
953	953	0.00000
954	954	0.00000
955	955	0.00000
956	956	0.00000
957	957	0.00000
958	958	0.00000
959	959	0.00000
960	960	0.00000
961	961	0.00000
962	962	0.00000
963	963	0.00000
964	964	0.00000
965	965	0.00000
966	966	0.00000
967	967	0.00000
968	968	0.00000
969	969	0.00000
970	970	0.00000
971	971	0.00000
972	972	0.00000
973	973	0.00000
974	974	0.00000
975	975	0.00000
976	976	0.00000
977	977	0.00000
978	978	0.00000
979	979	0.00000
980	980	0.00000
981	981	0.00000
982	982	0.00000
983	983	0.00000
984	984	0.00000
985	985	0.00000
986	986	0.00000
987	987	0.00000
988	988	0.00000
989	989	0.00000
990	990	0.00000
991	991	0.00000
992	992	0.00000
993	993	0.00000
994	994	0.00000
995	995	0.00000
996	996	0.00000
997	997	0.00000
998	998	0.00000
999	999	0.00000
1000	1000	0.00000
1001	1001	0.00000
1002	1002	0.00000
1003	1003	0.00000
1004	1004	0.00000
1005	1005	0.00000
1006	1006	0.00000
1007	1007	0.00000
1008	1008	0.00000
1009	1009	0.00000
1010	1010	0.00000
1011	1011	0.00000
1012	1012	0.00000
1013	1013	0.00000
1014	1014	0.00000
1015	1015	0.00000
1016	1016	0.00000
1017	1017	0.00000
1018	1018	0.00000
1019	1019	0.00000
1020	1020	0.00000
1021	1021	0.00000
1022	1022	0.00000
1023	1023	0.00000
1024	1024	0.00000
1025	1025	0.00000
1026	1026	0.00000
1027	1027	0.00000
1028	1028	0.00000
1029	1029	0.00000
1030	1030	0.00000
1031	1031	0.00000
1032	1032	0.00000
1033	1033	0.00000
1034	1034	0.00000
1035	1035	0.00000
1036	1036	0.00000
1037	1037	0.00000
1038	1038	0.00000
1039	1039	0.00000
1040	1040	0.00000
1041	1041	0.00000
1042	1042	0.00000
1043	1043	0.00000
1044	1044	0.00000
1045	1045	0.00000
1046	1046	0.00000
1047	1047	0.00000
1048	1048	0.00000
1049	1049	0.00000
1050	1050	0.00000
1051	1051	0.00000
1052	1052	0.00000
1053	1053	0.00000
1054	1054	0.00000
1055	1055	0.00000
1056	1056	0.00000
1057	1057	0.00000
1058	1058	0.00000
1059	1059	0.00000
1060	1060	0.00000
1061	1061	0.00000
1062	1062	0.00000
1063	1063	0.00000
1064	1064	0.00000
1065	1065	0.00000
1066	1066	0.00000
1067	1067	0.00000
1068	1068	0.00000
1069	1069	0.00000
1070	1070	0.00000
1071	1071	0.00000
1072	1072	0.00000
1073	1073	0.00000
1074	1074	0.00000
1075	1075	0.00000
1076	1076	0.00000
1077	1077	0.00000
1078	1078	0.00000
1079	1079	0.00000
1080	1080	0.00000
1081	1081	0.00000
1082	1082	0.00000
1083	1083	0.00000
1084	1084	0.00000
1085	1085	0.00000
1086	1086	0.00000
1087	1087	0.00000
1088	1088	0.00000
1089	1089	0.00000
1090	1090	0.00000
1091	1091	0.00000
1092	1092	0.00000
1093	1093	0.00000
1094	1094	0.00000
1095	1095	0.00000
1096	1096	0.00000
1097	1097	0.00000
1098	1098	0.00000
1099	1099	0.00000
1100	1100	0.00000
1101	1101	0.00000
1102	1102	0.00000
1103	1103	0.00000
1104	1104	0.00000
1105	1105	0.00000
1106	1106	0.00000
1107	1107	0.00000
1108	1108	0.00000
1109	1109	0.00000
1110	1110	0.00000
1111	1111	0.00000
1112	1112	0.00000
1113	1113	0.00000
1114	1114	0.00000
1115	1115	0.00000
1116	1116	0.00000
1117	1117	0.00000
1118	1118	0.00000
1119	1119	0.00000
1120	1120	0.00000
1121	1121	0.00000
1122	1122	0.00000
1123	1123	0.00000
1124	1124	0.00000
1125	1125	0.00000
1126	1126	0.00000
1127	1127	0.00000
1128	1128	0.00000
1129	1129	0.00000
1130	1130	0.00000
1131	1131	0.00000
1132	1132	0.00000
1133	1133	0.00000
1134	1134	0.00000
1135	1135	0.00000
1136	1136	0.00000
1137	1137	0.00000
1138	1138	0.00000
1139	1139	0.00000
1140	1140	0.00000
1141	1141	0.00000
1142	1142	0.00000
1143	1143	0.00000
1144	1144	0.00000
1145	1145	0.00000
1146	1146	0.00000
1147	1147	0.00000
1148	1148	0.00000
1149	1149	0.00000
1150	1150	0.00000
1151	1151	0.00000
1152	1152	0.00000
1153	1153	0.00000
1154	1154	0.00000
1155	1155	0.00000
1156	1156	0.00000
1157	1157	0.00000
1158	1158	0.00000
1159	1159	0.00000
1160	1160	0.00000
1161	1161	0.00000
1162	1162	0.00000
1163	1163	0.00000
1164	1164	0.00000
1165	1165	0.00000
1166	1166	0.00000
1167	1167	0.00000
1168	1168	0.00000
1169	1169	0.00000
1170	1170	0.00000
1171	1171	0.00000
1172	1172	0.00000
1173	1173	0.00000
1174	1174	0.00000
1175	1175	0.00000
1176	1176	0.00000
1177	1177	0.00000
1178	1178	0.00000
1179	1179	0.00000
1180	1180	0.00000
1181	1181	0.00000
1182	1182	0.00000
1183	1183	0.00000
1184	1184	0.00000
1185	1185	0.00000
1186	1186	0.00000
1187	1187	0.00000
1188	1188	0.00000
1189	1189	0.00000
1190	1190	0.00000
1191	1191	0.00000
1192	1192	0.00000
1193	1193	0.00000
1194	1194	0.00000
1195	1195	0.00000
1196	1196	0.00000
1197	1197	0.00000
1198	1198	0.00000
1199	1199	0.00000
1200	1200	0.00000
1201	1201	0.00000
1202	1202	0.00000
1203	1203	0.00000
1204	1204	0.00000
1205	1205	0.00000
1206	1206	0.00000
1207	1207	0.00000
1208	1208	0.00000
1209	1209	0.00000
1210	1210	0.00000
1211	1211	0.00000
1212	1212	0.00000
1213	1213	0.00000
1214	1214	0.00000
1215	1215	0.00000
1216	1216	0.00000
1217	1217	0.00000
1218	1218	0.00000
1219	1219	0.00000
1220	1220	0.00000
1221	1221	0.00000
1222	1222	0.00000
1223	1223	0.00000
1224	1224	0.00000
1225	1225	0.00000
1226	1226	0.00000
1227	1227	0.00000
1228	1228	0.00000
1229	1229	0.00000
1230	1230	0.00000
1231	1231	0.00000
1232	1232	0.00000
1233	1233	0.00000
1234	1234	0.00000
1235	1235	0.00000
1236	1236	0.00000
1237	1237	0.00000
1238	1238	0.00000
1239	1239	0.00000
1240	1240	0.00000
1241	1241	0.00000
1242	1242	0.00000
1243	1243	0.00000
1244	1244	0.00000
1245	1245	0.00000
1246	1246	0.00000
1247	1247	0.00000
1248	1248	0.00000
1249	1249	0.00000
1250	1250	0.00000
1251	1251	0.00000
1252	1252	0.00000
1253	1253	0.00000
1254	1254	0.00000
1255	1255	0.00000
1256	1256	0.00000
1257	1257	0.00000
1258	1258	0.00000
1259	1259	0.00000
1260	1260	0.00000
1261	1261	0.00000
1262	1262	0.00000
1263	1263	0.00000
1264	1264	0.00000
1265	1265	0.00000
1266	1266	0.00000
1267	1267	0.00000
1268	1268	0.00000
1269	1269	0.00000
1270	1270	0.00000
1271	1271	0.00000
1272	1272	0.00000
1273	1273	0.00000
1274	1274	0.00000
1275	1275	0.00000
1276	1276	0.00000
1277	1277	0.00000
1278	1278	0.00000
1279	1279	0.00000
1280	1280	0.00000
1281	1281	0.00000
1282	1282	0.00000
1283	1283	0.00000
1284	1284	0.00000
1285	1285	0.00000
1286	1286	0.00000
1287	1287	0.00000
1288	1288	0.00000
1289	1289	0.00000
1290	1290	0.00000
1291	1291	0.00000
1292	1292	0.00000
1293	1293	0.00000
1294	1294	0.00000
1295	1295	0.00000
1296	1296	0.00000
1297	1297	0.00000
1298	1298	0.00000
1299	1299	0.00000
1300	1300	0.00000
1301	1301	0.00000
1302	1302	0.00000
1303	1303	0.00000
1304	1304	0.00000
1305	1305	0.00000
1306	1306	0.00000
1307	1307	0.00000
1308	1308	0.00000
1309	1309	0.00000
1310	1310	0.00000
1311	1311	0.00000
1312	1312	0.00000
1313	1313	0.00000
1314	1314	0.00000
1315	1315	0.00000
1316	1316	0.00000
1317	1317	0.00000
1318	1318	0.00000
1319	1319	0.00000
1320	1320	0.00000
1321	1321	0.00000
1322	1322	0.00000
1323	1323	0.00000
1324	1324	0.00000
1325	1325	0.00000
1326	1326	0.00000
1327	1327	0.00000
1328	1328	0.00000
1329	1329	0.00000
1330	1330	0.00000
1331	1331	0.00000
1332	1332	0.00000
1333	1333	0.00000
1334	1334	0.00000
1335	1335	0.00000
1336	1336	0.00000
1337	1337	0.00000
1338	1338	0.00000
1339	1339	0.00000
1340	1340	0.00000
1341	1341	0.00000
1342	1342	0.00000
1343	1343	0.00000
1344	1344	0.00000
1345	1345	0.00000
1346	1346	0.00000
1347	1347	0.00000
1348	1348	0.00000
1349	1349	0.00000
1350	1350	0.00000
1351	1351	0.00000
1352	1352	0.00000
1353	1353	0.00000
1354	1354	0.00000
1355	1355	0.00000
1356	1356	0.00000
1357	1357	0.00000
1358	1358	0.00000
1359	1359	0.00000
1360	1360	0.00000
1361	1361	0.00000
1362	1362	0.00000
1363	1363	0.00000
1364	1364	0.00000
1365	1365	0.00000
1366	1366	0.00000
1367	1367	0.00000
1368	1368	0.00000
1369	1369	0.00000
1370	1370	0.00000
1371	1371	0.00000
1372	1372	0.00000
1373	1373	0.00000
1374	1374	0.00000
1375	1375	0.00000
1376	1376	0.00000
1377	1377	0.00000
1378	1378	0.00000
1379	1379	0.00000
1380	1380	0.00000
1381	1381	0.00000
1382	1382	0.00000
1383	1383	0.00000
1384	1384	0.00000
1385	1385	0.00000
1386	1386	0.00000
1387	1387	0.00000
1388	1388	0.00000
1389	1389	0.00000
1390	1390	0.00000
1391	1391	0.00000
1392	1392	0.00000
1393	1393	0.00000
1394	1394	0.00000
1395	1395	0.00000
1396	1396	0.00000
1397	1397	0.00000
1398	1398	0.00000
1399	1399	0.00000
1400	1400	0.00000
1401	1401	0.00000
1402	1402	0.00000
1403	1403	0.00000
1404	1404	0.00000
1405	1405	0.00000
1406	1406	0.00000
1407	1407	0.00000
1408	1408	0.00000
1409	1409	0.00000
1410	1410	0.00000
1411	1411	0.00000
1412	1412	0.00000
1413	1413	0.00000
1414	1414	0.00000
1415	1415	0.00000
1416	1416	0.00000
1417	1417	0.00000
1418	1418	0.00000
1419	1419	0.00000
1420	1420	0.00000
1421	1421	0.00000
1422	1422	0.00000
1423	1423	0.00000
1424	1424	0.00000
1425	1425	0.00000
1426	1426	0.00000
1427	1427	0.00000
1428	1428	0.00000
1429	1429	0.00000
1430	1430	0.00000
1431	1431	0.00000
1432	1432	0.00000
1433	1433	0.00000
1434	1434	0.00000
1435	1435	0.00000
1436	1436	0.00000
1437	1437	0.00000
1438	1438	0.00000
1439	1439	0.00000
1440	1440	0.00000
1441	1441	0.00000
1442	1442	0.00000
1443	1443	0.00000
1444	1444	0.00000
1445	1445	0.00000
1446	1446	0.00000
1447	1447	0.00000
1448	1448	0.00000
1449	1449	0.00000
1450	1450	0.00000
1451	1451	0.00000
1452	1452	0.00000
1453	1453	0.00000
1454	1454	0.00000
1455	1455	0.00000
1456	1456	0.00000
1457	1457	0.00000
1458	1458	0.00000
1459	1459	0.00000
1460	1460	0.00000
1461	1461	0.00000
1462	1462	0.00000
1463	1463	0.00000
1464	1464	0.00000
1465	1465	0.00000
1466	1466	0.00000
1467	1467	0.00000
1468	1468	0.00000
1469	1469	0.00000
1470	1470	0.00000
1471	1471	0.00000
1472	1472	0.00000
1473	1473	0.00000
1474	1474	0.00000
1475	1475	0.00000
1476	1476	0.00000
1477	1477	0.00000
1478	1478	0.00000
1479	1479	0.00000
1480	1480	0.00000
1481	1481	0.00000
1482	1482	0.00000
1483	1483	0.00000
1484	1484	0.00000
1485	1485	0.00000
1486	1486	0.00000
1487	1487	0.00000
1488	1488	0.00000
1489	1489	0.00000
1490	1490	0.00000
1491	1491	0.00000
1492	1492	0.00000
1493	1493	0.00000
1494	1494	0.00000
1495	1495	0.00000
1496	1496	0.00000
1497	1497	0.00000
1498	1498	0.00000
1499	1499	0.00000
1500	1500	0.00000
1501	1501	0.00000
1502	1502	0.00000
1503	1503	0.00000
1504	1504	0.00000
1505	1505	0.00000
1506	1506	0.00000
1507	1507	0.00000
1508	1508	0.00000
1509	1509	0.00000
1510	1510	0.00000
1511	1511	0.00000
1512	1512	0.00000
1513	1513	0.00000
1514	1514	0.00000
1515	1515	0.00000
1516	1516	0.00000
1517	1517	0.00000
1518	1518	0.00000
1519	1519	0.00000
1520	1520	0.00000
1521	1521	0.00000
1522	1522	0.00000
1523	1523	0.00000
1524	1524	0.00000
1525	1525	0.00000
1526	1526	0.00000
1527	1527	0.00000
1528	1528	0.00000
1529	1529	0.00000
1530	1530	0.00000
1531	1531	0.00000
1532	1532	0.00000
1533	1533	0.00000
1534	1534	0.00000
1535	1535	0.00000
1536	1536	0.00000
1537	1537	0.00000
1538	1538	0.00000
1539	1539	0.00000
1540	1540	0.00000
1541	1541	0.00000
1542	1542	0.00000
1543	1543	0.00000
1544	1544	0.00000
1545	1545	0.00000
1546	1546	0.00000
1547	1547	0.00000
1548	1548	0.00000
1549	1549	0.00000
1550	1550	0.00000
1551	1551	0.00000
1552	1552	0.00000
1553	1553	0.00000
1554	1554	0.00000
1555	1555	0.00000
1556	1556	0.00000
1557	1557	0.00000
1558	1558	0.00000
1559	1559	0.00000
1560	1560	0.00000
1561	1561	0.00000
1562	1562	0.00000
1563	1563	0.00000
1564	1564	0.00000
1565	1565	0.00000
1566	1566	0.00000
1567	1567	0.00000
1568	1568	0.00000
1569	1569	0.00000
1570	1570	0.00000
1571	1571	0.00000
1572	1572	0.00000
1573	1573	0.00000
1574	1574	0.00000
1575	1575	0.00000
1576	1576	0.00000
1577	1577	0.00000
1578	1578	0.00000
1579	1579	0.00000
1580	1580	0.00000
1581	1581	0.00000
1582	1582	0.00000
1583	1583	0.00000
1584	1584	0.00000
1585	1585	0.00000
1586	1586	0.00000
1587	1587	0.00000
1588	1588	0.00000
1589	1589	0.00000
1590	1590	0.00000
1591	1591	0.00000
1592	1592	0.00000
1593	1593	0.00000
1594	1594	0.00000
1595	1595	0.00000
1596	1596	0.00000
1597	1597	0.00000
1598	1598	0.00000
1599	1599	0.00000
1600	1600	0.00000
1601	1601	0.00000
1602	1602	0.00000
1603	1603	0.00000
1604	1604	0.00000
1605	1605	0.00000
1606	1606	0.00000
1607	1607	0.00000
1608	1608	0.00000
1609	1609	0.00000
1610	1610	0.00000
1611	1611	0.00000
1612	1612	0.00000
1613	1613	0.00000
1614	1614	0.00000
1615	1615	0.00000
1616	1616	0.00000
1617	1617	0.00000
1618	1618	0.00000
1619	1619	0.00000
1620	1620	0.00000
1621	1621	0.00000
1622	1622	0.00000
1623	1623	0.00000
1624	1624	0.00000
1625	1625	0.00000
1626	1626	0.00000
1627	1627	0.00000
1628	1628	0.00000
1629	1629	0.00000
1630	1630	0.00000
1631	1631	0.00000
1632	1632	0.00000
1633	1633	0.00000
1634	1634	0.00000
1635	1635	0.00000
1636	1636	0.00000
1637	1637	0.00000
1638	1638	0.00000
1639	1639	0.00000
1640	1640	0.00000
1641	1641	0.00000
1642	1642	0.00000
1643	1643	0.00000
1644	1644	0.00000
1645	1645	0.00000
1646	1646	0.00000
1647	1647	0.00000
1648	1648	0.00000
1649	1649	0.00000
1650	1650	0.00000
1651	1651	0.00000
1652	1652	0.00000
1653	1653	0.00000
1654	1654	0.00000
1655	1655	0.00000
1656	1656	0.00000
1657	1657	0.00000
1658	1658	0.00000
1659	1659	0.00000
1660	1660	0.00000
1661	1661	0.00000
1662	1662	0.00000
1663	1663	0.00000
1664	1664	0.00000
1665	1665	0.00000
1666	1666	0.00000
1667	1667	0.00000
1668	1668	0.00000
1669	1669	0.00000
1670	1670	0.00000
1671	1671	0.00000
1672	1672	0.00000
1673	1673	0.00000
1674	1674	0.00000
1675	1675	0.00000
1676	1676	0.00000
1677	1677	0.00000
1678	1678	0.00000
1679	1679	0.00000
1680	1680	0.00000
1681	1681	0.00000
1682	1682	0.00000
1683	1683	0.00000
1684	1684	0.00000
1685	1685	0.00000
1686	1686	0.00000
1687	1687	0.00000
1688	1688	0.00000
1689	1689	0.00000
1690	1690	0.00000
1691	1691	0.00000
1692	1692	0.00000
1693	1693	0.00000
1694	1694	0.00000
1695	1695	0.00000
1696	1696	0.00000
1697	1697	0.00000
1698	1698	0.00000
1699	1699	0.00000
1700	1700	0.00000
1701	1701	0.00000
1702	1702	0.00000
1703	1703	0.00000
1704	1704	0.00000
1705	1705	0.00000
1706	1706	0.00000
1707	1707	0.00000
1708	1708	0.00000
1709	1709	0.00000
1710	1710	0.00000
1711	1711	0.00000
1712	1712	0.00000
1713	1713	0.00000
1714	1714	0.00000
1715	1715	0.00000
1716	1716	0.00000
1717	1717	0.00000
1718	1718	0.00000
1719	1719	0.00000
1720	1720	0.00000
1721	1721	0.00000
1722	1722	0.00000
1723	1723	0.00000
1724	1724	0.00000
1725	1725	0.00000
1726	1726	0.00000
1727	1727	0.00000
1728	1728	0.00000
1729	1729	0.00000
1730	1730	0.00000
1731	1731	0.00000
1732	1732	0.00000
1733	1733	0.00000
1734	1734	0.00000
1735	1735	0.00000
1736	1736	0.00000
1737	1737	0.00000
1738	1738	0.00000
1739	1739	0.00000
1740	1740	0.00000
1741	1741	0.00000
1742	1742	0.00000
1743	1743	0.00000
1744	1744	0.00000
1745	1745	0.00000
1746	1746	0.00000
1747	1747	0.00000
1748	1748	0.00000
1749	1749	0.00000
1750	1750	0.00000
1751	1751	0.00000
1752	1752	0.00000
1753	1753	0.00000
1754	1754	0.00000
1755	1755	0.00000
1756	1756	0.00000
1757	1757	0.00000
1758	1758	0.00000
1759	1759	0.00000
1760	1760	0.00000
1761	1761	0.00000
1762	1762	0.00000
1763	1763	0.00000
1764	1764	0.00000
1765	1765	0.00000
1766	1766	0.00000
1767	1767	0.00000
1768	1768	0.00000
1769	1769	0.00000
1770	1770	0.00000
1771	1771	0.00000
1772	1772	0.00000
1773	1773	0.00000
1774	1774	0.00000
1775	1775	0.00000
1776	1776	0.00000
1777	1777	0.00000
1778	1778	0.00000
1779	1779	0.00000
1780	1780	0.00000
1781	1781	0.00000
1782	1782	0.00000
1783	1783	0.00000
1784	1784	0.00000
1785	1785	0.00000
1786	1786	0.00000
1787	1787	0.00000
1788	1788	0.00000
1789	1789	0.00000
1790	1790	0.00000
1791	1791	0.00000
1792	1792	0.00000
1793	1793	0.00000
1794	1794	0.00000
1795	1795	0.00000
1796	1796	0.00000
1797	1797	0.00000
1798	1798	0.00000
1799	1799	0.00000
1800	1800	0.00000
1801	1801	0.00000
1802	1802	0.00000
1803	1803	0.00000
1804	1804	0.00000
1805	1805	0.00000
1806	1806	0.00000
1807	1807	0.00000
1808	1808	0.00000
1809	1809	0.00000
1810	1810	0.00000
1811	1811	0.00000
1812	1812	0.00000
1813	1813	0.00000
1814	1814	0.00000
1815	1815	0.00000
1816	1816	0.00000
1817	1817	0.00000
1818	1818	0.00000
1819	1819	0.00000
1820	1820	0.00000
1821	1821	0.00000
1822	1822	0.00000
1823	1823	0.00000
1824	1824	0.00000
1825	1825	0.00000
1826	1826	0.00000
1827	1827	0.00000
1828	1828	0.00000
1829	1829	0.00000
1830	1830	0.00000
1831	1831	0.00000
1832	1832	0.00000
1833	1833	0.00000
1834	1834	0.00000
1835	1835	0.00000
1836	1836	0.00000
1837	1837	0.00000
1838	1838	0.00000
1839	1839	0.00000
1840	1840	0.00000
1841	1841	0.00000
1842	1842	0.00000
1843	1843	0.00000
1844	1844	0.00000
1845	1845	0.00000
1846	1846	0.00000
1847	1847	0.00000
1848	1848	0.00000
1849	1849	0.00000
1850	1850	0.00000
1851	1851	0.00000
1852	1852	0.00000
1853	1853	0.00000
1854	1854	0.00000
1855	1855	0.00000
1856	1856	0.00000
1857	1857	0.00000
1858	1858	0.00000
1859	1859	0.00000
1860	1860	0.00000
1861	1861	0.00000
1862	1862	0.00000
1863	1863	0.00000
1864	1864	0.00000
1865	1865	0.00000
1866	1866	0.00000
1867	1867	0.00000
1868	1868	0.00000
1869	1869	0.00000
1870	1870	0.00000
1871	1871	0.00000
1872	1872	0.00000
1873	1873	0.00000
1874	1874	0.00000
1875	1875	0.00000
1876	1876	0.00000
1877	1877	0.00000
1878	1878	0.00000
1879	1879	0.00000
1880	1880	0.00000
1881	1881	0.00000
1882	1882	0.00000
1883	1883	0.00000
1884	1884	0.00000
1885	1885	0.00000
1886	1886	0.00000
1887	1887	0.00000
1888	1888	0.00000
1889	1889	0.00000
1890	1890	0.00000
1891	1891	0.00000
1892	1892	0.00000
1893	1893	0.00000
1894	1894	0.00000
1895	1895	0.00000
1896	1896	0.00000
1897	1897	0.00000
1898	1898	0.00000
1899	1899	0.00000
1900	1900	0.00000
1901	1901	0.00000
1902	1902	0.00000
1903	1903	0.00000
1904	1904	0.00000
1905	1905	0.00000
1906	1906	0.00000
1907	1907	0.00000
1908	1908	0.00000
1909	1909	0.00000
1910	1910	0.00000
1911	1911	0.00000
1912	1912	0.00000
1913	1913	0.00000
1914	1914	0.00000
1915	1915	0.00000
1916	1916	0.00000
1917	1917	0.00000
1918	1918	0.00000
1919	1919	0.00000
1920	1920	0.00000
1921	1921	0.00000
1922	1922	0.00000
1923	1923	0.00000
1924	1924	0.00000
1925	1925	0.00000
1926	1926	0.00000
1927	1927	0.00000
1928	1928	0.00000
1929	1929	0.00000
1930	1930	0.00000
1931	1931	0.00000
1932	1932	0.00000
1933	1933	0.00000
1934	1934	0.00000
1935	1935	0.00000
1936	1936	0.00000
1937	1937	0.00000
1938	1938	0.00000
1939	1939	0.00000
1940	1940	0.00000
1941	1941	0.00000
1942	1942	0.00000
1943	1943	0.00000
1944	1944	0.00000
1945	1945	0.00000
1946	1946	0.00000
1947	1947	0.00000
1948	1948	0.00000
1949	1949	0.00000
1950	1950	0.00000
1951	1951	0.00000
1952	1952	0.00000
1953	1953	0.00000
1954	1954	0.00000
1955	1955	0.00000
1956	1956	0.00000
1957	1957	0.00000
1958	1958	0.00000
1959	1959	0.00000
1960	1960	0.00000
1961	1961	0.00000
1962	1962	0.00000
1963	1963	0.00000
1964	1964	0.00000
1965	1965	0.00000
1966	1966	0.00000
1967	1967	0.00000
1968	1968	0.00000
1969	1969	0.00000
1970	1970	0.00000
1971	1971	0.00000
1972	1972	0.00000
1973	1973	0.00000
1974	1974	0.00000
1975	1975	0.00000
1976	1976	0.00000
1977	1977	0.00000
1978	1978	0.00000
1979	1979	0.00000
1980	1980	0.00000
1981	1981	0.00000
1982	1982	0.00000
1983	1983	0.00000
1984	1984	0.00000
1985	1985	0.00000
1986	1986	0.00000
1987	1987	0.00000
1988	1988	0.00000
1989	1989	0.00000
1990	1990	0.00000
1991	1991	0.00000
1992	1992	0.00000
1993	1993	0.00000
1994	1994	0.00000
1995	1995	0.00000
1996	1996	0.00000
1997	1997	0.00000
1998	1998	0.00000
1999	1999	0.00000
2000	2000	0.00000
2001	2001	0.00000
2002	2002	0.00000
2003	2003	0.00000
2004	2004	0.00000
2005	2005	0.00000
2006	2006	0.00000
2007	2007	0.00000
2008	2008	0.00000
2009	2009	0.00000
2010	2010	0.00000
2011	2011	0.00000
2012	2012	0.00000
2013	2013	0.00000
2014	2014	0.00000
2015	2015	0.00000
2016	2016	0.00000
2017	2017	0.00000
2018	2018	0.00000
2019	2019	0.00000
2020	2020	0.00000
2021	2021	0.00000
2022	2022	0.00000
2023	2023	0.00000
2024	2024	0.00000
2025	2025	0.00000
2026	2026	0.00000
2027	2027	0.00000
2028	2028	0.00000
2029	2029	0.00000
2030	2030	0.00000
2031	2031	0.00000
2032	2032	0.00000
2033	2033	0.00000
2034	2034	0.00000
2035	2035	0.00000
2036	2036	0.00000
2037	2037	0.00000
2038	2038	0.00000
2039	2039	0.00000
2040	2040	0.00000
2041	2041	0.00000
2042	2042	0.00000
2043	2043	0.00000
2044	2044	0.00000
2045	2045	0.00000
2046	2046	0.00000
2047	2047	0.00000
2048	2048	0.00000
2049	2049	0.00000
2050	2050	0.00000
2051	2051	0.00000
2052	2052	0.00000
2053	2053	0.00000
2054	2054	0.00000
2055	2055	0.00000
2056	2056	0.00000
2057	2057	0.00000
2058	2058	0.00000
2059	2059	0.00000
2060	2060	0.00000
2061	2061	0.00000
2062	2062	0.00000
2063	2063	0.00000
2064	2064	0.00000
2065	2065	0.00000
2066	2066	0.00000
2067	2067	0.00000
2068	2068	0.00000
2069	2069	0.00000
2070	2070	0.00000
2071	2071	0.00000
2072	2072	0.00000
2073	2073	0.00000
2074	2074	0.00000
2075	2075	0.00000
2076	2076	0.00000
2077	2077	0.00000
2078	2078	0.00000
2079	2079	0.00000
2080	2080	0.00000
2081	2081	0.00000
2082	2082	0.00000
2083	2083	0.00000
2084	2084	0.00000
2085	2085	0.00000
2086	2086	0.00000
2087	2087	0.00000
2088	2088	0.00000
2089	2089	0.00000
2090	2090	0.00000
2091	2091	0.00000
2092	2092	0.00000
2093	2093	0.00000
2094	2094	0.00000
2095	2095	0.00000
2096	2096	0.00000
2097	2097	0.00000
2098	2098	0.00000
2099	2099	0.00000
2100	2100	0.00000
2101	2101	0.00000
2102	2102	0.00000
2103	2103	0.00000
2104	2104	0.00000
2105	2105	0.00000
2106	2106	0.00000
2107	2107	0.00000
2108	2108	0.00000
2109	2109	0.00000
2110	2110	0.00000
2111	2111	0.00000
2112	2112	0.00000
2113	2113	0.00000
2114	2114	0.00000
2115	2115	0.00000
2116	2116	0.00000
2117	2117	0.00000
2118	2118	0.00000
2119	2119	0.00000
2120	2120	0.00000
2121	2121	0.00000
2122	2122	0.00000
2123	2123	0.00000
2124	2124	0.00000
2125	2125	0.00000
2126	2126	0.00000
2127	2127	0.00000
2128	2128	0.00000
2129	2129	0.00000
2130	2130	0.00000
2131	2131	0.00000
2132	2132	0.00000
2133	2133	0.00000
2134	2134	0.00000
2135	2135	0.00000
2136	2136	0.00000
2137	2137	0.00000
2138	2138	0.00000
2139	2139	0.00000
2140	2140	0.00000
2141	2141	0.00000
2142	2142	0.00000
2143	2143	0.00000
2144	2144	0.00000
2145	2145	0.00000
2146	2146	0.00000
2147	2147	0.00000
2148	2148	0.00000
2149	2149	0.00000
2150	2150	0.00000
2151	2151	0.00000
2152	2152	0.00000
2153	2153	0.00000
2154	2154	0.00000
2155	2155	0.00000
2156	2156	0.00000
2157	2157	0.00000
2158	2158	0.00000
2159	2159	0.00000
2160	2160	0.00000
2161	2161	0.00000
2162	2162	0.00000
2163	2163	0.00000
2164	2164	0.00000
2165	2165	0.00000
2166	2166	0.00000
2167	2167	0.00000
2168	2168	0.00000
2169	2169	0.00000
2170	2170	0.00000
2171	2171	0.00000
2172	2172	0.00000
2173	2173	0.00000
2174	2174	0.00000
2175	2175	0.00000
2176	2176	0.00000
2177	2177	0.00000
2178	2178	0.00000
2179	2179	0.00000
2180	2180	0.00000
2181	2181	0.00000
2182	2182	0.00000
2183	2183	0.00000
2184	2184	0.00000
2185	2185	0.00000
2186	2186	0.00000
2187	2187	0.00000
2188	2188	0.00000
2189	2189	0.00000
2190	2190	0.00000
2191	2191	0.00000
2192	2192	0.00000
2193	2193	0.00000
2194	2194	0.00000
2195	2195	0.00000
2196	2196	0.00000
2197	2197	0.00000
2198	2198	0.00000
2199	2199	0.00000
2200	2200	0.00000
2201	2201	0.00000
2202	2202	0.00000
2203	2203	0.00000
2204	2204	0.00000
2205	2205	0.00000
2206	2206	0.00000
2207	2207	0.00000
2208	2208	0.00000
2209	2209	0.00000
2210	2210	0.00000
2211	2211	0.00000
2212	2212	0.00000
2213	2213	0.00000
2214	2214	0.00000
2215	2215	0.00000
2216	2216	0.00000
2217	2217	0.00000
2218	2218	0.00000
2219	2219	0.00000
2220	2220	0.00000
2221	2221	0.00000
2222	2222	0.00000
2223	2223	0.00000
2224	2224	0.00000
2225	2225	0.00000
2226	2226	0.00000
2227	2227	0.00000
2228	2228	0.00000
2229	2229	0.00000
2230	2230	0.00000
2231	2231	0.00000
2232	2232	0.00000
2233	2233	0.00000
2234	2234	0.00000
2235	2235	0.00000
2236	2236	0.00000
2237	2237	0.00000
2238	2238	0.00000
2239	2239	0.00000
2240	2240	0.00000
2241	2241	0.00000
2242	2242	0.00000
2243	2243	0.00000
2244	2244	0.00000
2245	2245	0.00000
2246	2246	0.00000
2247	2247	0.00000
2248	2248	0.00000
2249	2249	0.00000
2250	2250	0.00000
2251	2251	0.00000
2252	2252	0.00000
2253	2253	0.00000
2254	2254	0.00000
2255	2255	0.00000
2256	2256	0.00000
2257	2257	0.00000
2258	2258	0.00000
2259	2259	0.00000
2260	2260	0.00000
2261	2261	0.00000
2262	2262	0.00000
2263	2263	0.00000
2264	2264	0.00000
2265	2265	0.00000
2266	2266	0.00000
2267	2267	0.00000
2268	2268	0.00000
2269	2269	0.00000
2270	2270	0.00000
2271	2271	0.00000
2272	2272	0.00000
2273	2273	0.00000
2274	2274	0.00000
2275	2275	0.00000
2276	2276	0.00000
2277	2277	0.00000
2278	2278	0.00000
2279	2279	0.00000
2280	2280	0.00000
2281	2281	0.00000
2282	2282	0.00000
2283	2283	0.00000
2284	2284	0.00000
2285	2285	0.00000
2286	2286	0.00000
2287	2287	0.00000
2288	2288	0.00000
2289	2289	0.00000
2290	2290	0.00000
2291	2291	0.00000
2292	2292	0.00000
2293	2293	0.00000
2294	2294	0.00000
2295	2295	0.00000
2296	2296	0.00000
2297	2297	0.00000
2298	2298	0.00000
2299	2299	0.00000
2300	2300	0.00000
2301	2301	0.00000
2302	2302	0.00000
2303	2303	0.00000
2304	2304	0.00000
2305	2305	0.00000
2306	2306	0.00000
2307	2307	0.00000
2308	2308	0.00000
2309	2309	0.00000
2310	2310	0.00000
2311	2311	0.00000
2312	2312	0.00000
2313	2313	0.00000
2314	2314	0.00000
2315	2315	0.00000
2316	2316	0.00000
2317	2317	0.00000
2318	2318	0.00000
2319	2319	0.00000
2320	2320	0.00000
2321	2321	0.00000
2322	2322	0.00000
2323	2323	0.00000
2324	2324	0.00000
2325	2325	0.00000
2326	2326	0.00000
2327	2327	0.00000
2328	2328	0.00000
2329	2329	0.00000
2330	2330	0.00000
2331	2331	0.00000
2332	2332	0.00000
2333	2333	0.00000
2334	2334	0.00000
2335	2335	0.00000
2336	2336	0.00000
2337	2337	0.00000
2338	2338	0.00000
2339	2339	0.00000
2340	2340	0.00000
2341	2341	0.00000
2342	2342	0.00000
2343	2343	0.00000
2344	2344	0.00000
2345	2345	0.00000
2346	2346	0.00000
2347	2347	0.00000
2348	2348	0.00000
2349	2349	0.00000
2350	2350	0.00000
2351	2351	0.00000
2352	2352	0.00000
2353	2353	0.00000
2354	2354	0.00000
2355	2355	0.00000
2356	2356	0.00000
2357	2357	0.00000
2358	2358	0.00000
2359	2359	0.00000
2360	2360	0.00000
2361	2361	0.00000
2362	2362	0.00000
2363	2363	0.00000
2364	2364	0.00000
2365	2365	0.00000
2366	2366	0.00000
2367	2367	0.00000
2368	2368	0.00000
2369	2369	0.00000
2370	2370	0.00000
2371	2371	0.00000
2372	2372	0.00000
2373	2373	0.00000
2374	2374	0.00000
2375	2375	0.00000
2376	2376	0.00000
2377	2377	0.00000
2378	2378	0.00000
2379	2379	0.00000
2380	2380	0.00000
2381	2381	0.00000
2382	2382	0.00000
2383	2383	0.00000
2384	2384	0.00000
2385	2385	0.00000
2386	2386	0.00000
2387	2387	0.00000
2388	2388	0.00000
2389	2389	0.00000
2390	2390	0.00000
2391	2391	0.00000
2392	2392	0.00000
2393	2393	0.00000
2394	2394	0.00000
2395	2395	0.00000
2396	2396	0.00000
2397	2397	0.00000
2398	2398	0.00000
2399	2399	0.00000
2400	2400	0.00000
2401	2401	0.00000
2402	2402	0.00000
2403	2403	0.00000
2404	2404	0.00000
2405	2405	0.00000
2406	2406	0.00000
2407	2407	0.00000
2408	2408	0.00000
2409	2409	0.00000
2410	2410	0.00000
2411	2411	0.00000
2412	2412	0.00000
2413	2413	0.00000
2414	2414	0.00000
2415	2415	0.00000
2416	2416	0.00000
2417	2417	0.00000
2418	2418	0.00000
2419	2419	0.00000
2420	2420	0.00000
2421	2421	0.00000
2422	2422	0.00000
2423	2423	0.00000
2424	2424	0.00000
2425	2425	0.00000
2426	2426	0.00000
2427	2427	0.00000
2428	2428	0.00000
2429	2429	0.00000
2430	2430	0.00000
2431	2431	0.00000
2432	2432	0.00000
2433	2433	0.00000
2434	2434	0.00000
2435	2435	0.00000
2436	2436	0.00000
2437	2437	0.00000
2438	2438	0.00000
2439	2439	0.00000
2440	2440	0.00000
2441	2441	0.00000
2442	2442	0.00000
2443	2443	0.00000
2444	2444	0.00000
2445	2445	0.00000
2446	2446	0.00000
2447	2447	0.00000
2448	2448	0.00000
2449	2449	0.00000
2450	2450	0.00000
2451	2451	0.00000
2452	2452	0.00000
2453	2453	0.00000
2454	2454	0.00000
2455	2455	0.00000
2456	2456	0.00000
2457	2457	0.00000
2458	2458	0.00000
2459	2459	0.00000
2460	2460	0.00000
2461	2461	0.00000
2462	2462	0.00000
2463	2463	0.00000
2464	2464	0.00000
2465	2465	0.00000
2466	2466	0.00000
2467	2467	0.00000
2468	2468	0.00000
2469	2469	0.00000
2470	2470	0.00000
2471	2471	0.00000
2472	2472	0.00000
2473	2473	0.00000
2474	2474	0.00000
2475	2475	0.00000
2476	2476	0.00000
2477	2477	0.00000
2478	2478	0.00000
2479	2479	0.00000
2480	2480	0.00000
2481	2481	0.00000
2482	2482	0.00000
2483	2483	0.00000
2484	2484	0.00000
2485	2485	0.00000
2486	2486	0.00000
2487	2487	0.00000
2488	2488	0.00000
2489	2489	0.00000
2490	2490	0.00000
2491	2491	0.00000
2492	2492	0.00000
2493	2493	0.00000
2494	2494	0.00000
2495	2495	0.00000
2496	2496	0.00000
2497	2497	0.00000
2498	2498	0.00000
2499	2499	0.00000
2500	2500	0.00000
2501	2501	0.00000
2502	2502	0.00000
2503	2503	0.00000
2504	2504	0.00000
2505	2505	0.00000
2506	2506	0.00000
2507	2507	0.00000
2508	2508	0.00000
2509	2509	0.00000
2510	2510	0.00000
2511	2511	0.00000
2512	2512	0.00000
2513	2513	0.00000
2514	2514	0.00000
2515	2515	0.00000
2516	2516	0.00000
2517	2517	0.00000
2518	2518	0.00000
2519	2519	0.00000
2520	2520	0.00000
2521	2521	0.00000
2522	2522	0.00000
2523	2523	0.00000
2524	2524	0.00000
2525	2525	0.00000
2526	2526	0.00000
2527	2527	0.00000
2528	2528	0.00000
2529	2529	0.00000
2530	2530	0.00000
2531	2531	0.00000
2532	2532	0.00000
2533	2533	0.00000
2534	2534	0.00000
2535	2535	0.00000
2536	2536	0.00000
2537	2537	0.00000
2538	2538	0.00000
2539	2539	0.00000
2540	2540	0.00000
2541	2541	0.00000
2542	2542	0.00000
2543	2543	0.00000
2544	2544	0.00000
2545	2545	0.00000
2546	2546	0.00000
2547	2547	0.00000
2548	2548	0.00000
2549	2549	0.00000
2550	2550	0.00000
2551	2551	0.00000
2552	2552	0.00000
2553	2553	0.00000
2554	2554	0.00000
2555	2555	0.00000
2556	2556	0.00000
2557	2557	0.00000
2558	2558	0.00000
2559	2559	0.00000
2560	2560	0.00000
2561	2561	0.00000
2562	2562	0.00000
2563	2563	0.00000
2564	2564	0.00000
2565	2565	0.00000
2566	2566	0.00000
2567	2567	0.00000
2568	2568	0.00000
2569	2569	0.00000
2570	2570	0.00000
2571	2571	0.00000
2572	2572	0.00000
2573	2573	0.00000
2574	2574	0.00000
2575	2575	0.00000
2576	2576	0.00000
2577	2577	0.00000
2578	2578	0.00000
2579	2579	0.00000
2580	2580	0.00000
2581	2581	0.00000
2582	2582	0.00000
2583	2583	0.00000
2584	2584	0.00000
2585	2585	0.00000
2586	2586	0.00000
2587	2587	0.00000
2588	2588	0.00000
2589	2589	0.00000
2590	2590	0.00000
2591	2591	0.00000
2592	2592	0.00000
2593	2593	0.00000
2594	2594	0.00000
2595	2595	0.00000
2596	2596	0.00000
2597	2597	0.00000
2598	2598	0.00000
2599	2599	0.00000
2600	2600	0.00000
2601	2601	0.00000
2602	2602	0.00000
2603	2603	0.00000
2604	2604	0.00000
2605	2605	0.00000
2606	2606	0.00000
2607	2607	0.00000
2608	2608	0.00000
2609	2609	0.00000
2610	2610	0.00000
2611	2611	0.00000
2612	2612	0.00000
2613	2613	0.00000
2614	2614	0.00000
2615	2615	0.00000
2616	2616	0.00000
2617	2617	0.00000
2618	2618	0.00000
2619	2619	0.00000
2620	2620	0.00000
2621	2621	0.00000
2622	2622	0.00000
2623	2623	0.00000
2624	2624	0.00000
2625	2625	0.00000
2626	2626	0.00000
2627	2627	0.00000
2628	2628	0.00000
2629	2629	0.00000
2630	2630	0.00000
2631	2631	0.00000
2632	2632	0.00000
2633	2633	0.00000
2634	2634	0.00000
2635	2635	0.00000
2636	2636	0.00000
2637	2637	0.00000
2638	2638	0.00000
2639	2639	0.00000
2640	2640	0.00000
2641	2641	0.00000
2642	2642	0.00000
2643	2643	0.00000
2644	2644	0.00000
2645	2645	0.00000
2646	2646	0.00000
2647	2647	0.00000
2648	2648	0.00000
2649	2649	0.00000
2650	2650	0.00000
2651	2651	0.00000
2652	2652	0.00000
2653	2653	0.00000
2654	2654	0.00000
2655	2655	0.00000
2656	2656	0.00000
2657	2657	0.00000
2658	2658	0.00000
2659	2659	0.00000
2660	2660	0.00000
2661	2661	0.00000
2662	2662	0.00000
2663	2663	0.00000
2664	2664	0.00000
2665	2665	0.00000
2666	2666	0.00000
2667	2667	0.00000
2668	2668	0.00000
2669	2669	0.00000
2670	2670	0.00000
2671	2671	0.00000
2672	2672	0.00000
2673	2673	0.00000
2674	2674	0.00000
2675	2675	0.00000
2676	2676	0.00000
2677	2677	0.00000
2678	2678	0.00000
2679	2679	0.00000
2680	2680	0.00000
2681	2681	0.00000
2682	2682	0.00000
2683	2683	0.00000
2684	2684	0.00000
2685	2685	0.00000
2686	2686	0.00000
2687	2687	0.00000
2688	2688	0.00000
2689	2689	0.00000
2690	2690	0.00000
2691	2691	0.00000
2692	2692	0.00000
2693	2693	0.00000
2694	2694	0.00000
2695	2695	0.00000
2696	2696	0.00000
2697	2697	0.00000
2698	2698	0.00000
2699	2699	0.00000
2700	2700	0.00000
2701	2701	0.00000
2702	2702	0.00000
2703	2703	0.00000
2704	2704	0.00000
2705	2705	0.00000
2706	2706	0.00000
2707	2707	0.00000
2708	2708	0.00000
2709	2709	0.00000
2710	2710	0.00000
2711	2711	0.00000
2712	2712	0.00000
2713	2713	0.00000
2714	2714	0.00000
2715	2715	0.00000
2716	2716	0.00000
2717	2717	0.00000
2718	2718	0.00000
2719	2719	0.00000
2720	2720	0.00000
2721	2721	0.00000
2722	2722	0.00000
2723	2723	0.00000
2724	2724	0.00000
2725	2725	0.00000
2726	2726	0.00000
2727	2727	0.00000
2728	2728	0.00000
2729	2729	0.00000
2730	2730	0.00000
2731	2731	0.00000
2732	2732	0.00000
2733	2733	0.00000
2734	2734	0.00000
2735	2735	0.00000
2736	2736	0.00000
2737	2737	0.00000
2738	2738	0.00000
2739	2739	0.00000
2740	2740	0.00000
2741	2741	0.00000
2742	2742	0.00000
2743	2743	0.00000
2744	2744	0.00000
2745	2745	0.00000
2746	2746	0.00000
2747	2747	0.00000
2748	2748	0.00000
2749	2749	0.00000
2750	2750	0.00000
2751	2751	0.00000
2752	2752	0.00000
2753	2753	0.00000
2754	2754	0.00000
2755	2755	0.00000
2756	2756	0.00000
2757	2757	0.00000
2758	2758	0.00000
2759	2759	0.00000
2760	2760	0.00000
2761	2761	0.00000
2762	2762	0.00000
2763	2763	0.00000
2764	2764	0.00000
2765	2765	0.00000
2766	2766	0.00000
2767	2767	0.00000
2768	2768	0.00000
2769	2769	0.00000
2770	2770	0.00000
2771	2771	0.00000
2772	2772	0.00000
2773	2773	0.00000
2774	2774	0.00000
2775	2775	0.00000
2776	2776	0.00000
2777	2777	0.00000
2778	2778	0.00000
2779	2779	0.00000
2780	2780	0.00000
2781	2781	0.00000
2782	2782	0.00000
2783	2783	0.00000
2784	2784	0.00000
2785	2785	0.00000
2786	2786	0.00000
2787	2787	0.00000
2788	2788	0.00000
2789	2789	0.00000
2790	2790	0.00000
2791	2791	0.00000
2792	2792	0.00000
2793	2793	0.00000
2794	2794	0.00000
2795	2795	0.00000
2796	2796	0.00000
2797	2797	0.00000
2798	2798	0.00000
2799	2799	0.00000
2800	2800	0.00000
2801	2801	0.00000
2802	2802	0.00000
2803	2803	0.00000
2804	2804	0.00000
2805	2805	0.00000
2806	2806	0.00000
2807	2807	0.00000
2808	2808	0.00000
2809	2809	0.00000
2810	2810	0.00000
2811	2811	0.00000
2812	2812	0.00000
2813	2813	0.00000
2814	2814	0.00000
2815	2815	0.00000
2816	2816	0.00000
2817	2817	0.00000
2818	2818	0.00000
2819	2819	0.00000
2820	2820	0.00000
2821	2821	0.00000
2822	2822	0.00000
2823	2823	0.00000
2824	2824	0.00000
2825	2825	0.00000
2826	2826	0.00000
2827	2827	0.00000
2828	2828	0.00000
2829	2829	0.00000
2830	2830	0.00000
2831	2831	0.00000
2832	2832	0.00000
2833	2833	0.00000
2834	2834	0.00000
2835	2835	0.00000
2836	2836	0.00000
2837	2837	0.00000
2838	2838	0.00000
2839	2839	0.00000
2840	2840	0.00000
2841	2841	0.00000
2842	2842	0.00000
2843	2843	0.00000
2844	2844	0.00000
2845	2845	0.00000
2846	2846	0.00000
2847	2847	0.00000
2848	2848	0.00000
2849	2849	0.00000
2850	2850	0.00000
2851	2851	0.00000
2852	2852	0.00000
2853	2853	0.00000
2854	2854	0.00000
2855	2855	0.00000
2856	2856	0.00000
2857	2857	0.00000
2858	2858	0.00000
2859	2859	0.00000
2860	2860	0.00000
2861	2861	0.00000
2862	2862	0.00000
2863	2863	0.00000
2864	2864	0.00000
2865	2865	0.00000
2866	2866	0.00000
2867	2867	0.00000
2868	2868	0.00000
2869	2869	0.00000
2870	2870	0.00000
2871	2871	0.00000
2872	2872	0.00000
2873	2873	0.00000
2874	2874	0.00000
2875	2875	0.00000
2876	2876	0.00000
2877	2877	0.00000
2878	2878	0.00000
2879	2879	0.00000
2880	2880	0.00000
2881	2881	0.00000
2882	2882	0.00000
2883	2883	0.00000
2884	2884	0.00000
2885	2885	0.00000
