118.79	100.91
165.10	114.44
178.36	114.94
218.68	122.05
138.66	130.08
61.82	130.59
72.85	134.06
34.38	136.10
778.63	136.08
43.46	139.42
815.84	139.88
311.39	140.36
807.80	140.49
857.07	140.34
857.07	140.34
875.20	140.69
804.20	141.05
320.48	142.40
340.44	143.30
886.27	143.59
346.93	145.70
878.69	146.37
878.69	146.37
745.33	147.48
366.69	147.96
742.00	147.80
700.82	148.93
29.07	149.35
866.08	149.55
866.08	149.55
751.44	150.15
49.57	150.53
943.87	150.54
232.62	151.61
240.72	151.50
56.78	152.04
267.10	152.93
49.49	153.58
129.46	153.36
129.46	153.36
10.04	154.06
262.26	156.20
351.56	156.32
844.52	157.83
800.80	158.69
818.17	158.39
814.85	159.14
922.65	159.70
598.72	160.50
884.66	160.31
537.06	161.16
771.39	160.97
810.14	161.57
845.91	162.19
540.38	163.15
540.38	163.15
717.66	162.97
724.66	163.06
840.78	165.86
973.72	166.00
882.64	166.49
785.99	167.04
808.11	168.04
836.08	168.38
846.55	168.65
164.04	170.31
171.86	170.37
373.87	170.99
379.19	171.02
424.22	171.42
434.03	171.50
547.97	173.13
568.44	173.00
384.52	173.43
393.40	173.71
393.40	173.71
576.87	173.51
244.59	175.66
362.00	175.55
390.77	176.23
390.77	176.23
395.40	176.15
419.67	176.37
43.14	177.19
331.65	178.08
574.92	177.95
690.41	177.90
359.28	178.38
398.01	178.56
608.83	178.44
487.40	179.27
515.75	179.77
902.49	181.00
926.36	181.64
1042.07	183.46
1042.07	183.46
929.21	183.84
781.42	186.91
838.13	187.43
364.89	188.08
364.89	188.08
408.78	188.29
946.66	189.95
869.02	191.63
274.56	191.90
395.34	191.93
47.80	192.63
47.80	192.63
547.28	192.48
547.28	192.48
654.59	192.61
1007.07	192.36
1147.82	193.20
1050.12	193.56
188.00	194.80
681.50	195.13
1016.94	194.95
1007.60	195.26
813.84	195.81
544.84	196.95
186.35	197.31
190.80	197.40
588.79	197.43
598.51	198.20
1022.95	199.14
1089.80	198.88
1089.80	198.88
1094.72	198.88
1094.72	198.88
1101.73	199.20
1101.73	199.20
457.06	200.05
543.13	199.88
543.13	199.88
381.87	200.66
441.29	200.93
974.87	200.82
1080.69	201.56
1160.53	201.59
840.61	202.19
486.64	202.28
846.72	202.33
1166.19	202.33
457.05	203.22
457.05	203.22
855.83	202.81
445.41	203.52
469.93	203.36
712.49	203.96
950.24	204.11
1165.14	204.93
443.91	206.19
641.24	208.62
921.99	208.55
1097.78	208.35
1097.78	208.35
322.39	208.95
648.26	209.44
419.49	210.20
1186.04	209.87
445.24	210.50
586.64	210.71
149.14	212.20
1013.91	212.34
1119.50	212.69
199.37	213.27
615.25	214.12
186.99	213.92
298.77	213.96
298.77	213.96
496.09	214.13
510.73	216.48
1218.43	217.11
1218.43	217.11
1103.52	218.33
436.24	219.08
503.39	219.51
984.49	219.68
1178.51	219.49
252.65	220.19
368.38	220.19
544.33	220.23
1070.20	219.98
98.07	220.45
528.24	220.44
603.60	220.40
603.60	220.40
203.28	221.34
1031.85	221.89
1131.90	222.38
1131.90	222.38
483.97	223.19
483.97	223.19
1137.36	223.29
539.67	224.51
1032.47	224.55
408.86	225.06
1197.12	224.87
1107.35	225.60
191.78	225.93
512.69	227.18
1079.33	228.26
445.81	228.90
538.06	229.30
513.02	229.79
13.02	231.20
1179.80	231.09
1184.15	230.96
1080.24	231.65
1080.24	231.65
539.39	232.17
1015.30	232.16
1207.22	232.89
1207.22	232.89
674.36	236.20
1063.38	236.81
460.66	237.47
583.24	237.48
1215.61	238.16
952.02	238.55
81.52	239.40
1164.88	240.19
99.02	240.71
526.21	240.86
570.36	241.16
1103.20	240.97
1103.20	240.97
1109.21	240.90
513.33	241.86
124.37	243.88
124.37	243.88
160.48	244.01
160.48	244.01
489.25	244.02
1125.58	244.50
1216.70	244.55
1216.70	244.55
370.71	245.37
370.71	245.37
403.16	245.66
1182.93	245.72
467.29	246.25
467.29	246.25
1120.22	247.56
749.68	247.99
74.87	248.93
344.47	249.91
475.00	250.24
1057.02	252.94
11.26	253.38
910.03	253.53
910.03	253.53
685.65	254.32
685.65	254.32
922.07	254.54
455.78	255.09
758.30	255.31
1070.83	255.93
541.03	256.32
1188.62	258.03
1014.60	260.35
1074.93	261.45
59.58	262.12
316.02	262.20
590.35	262.58
1212.56	262.63
1062.40	263.66
1077.37	263.60
1145.48	264.49
1145.48	264.49
165.72	265.57
211.47	265.32
211.47	265.32
707.09	266.44
1192.87	266.91
1192.87	266.91
124.42	268.05
258.39	268.94
258.39	268.94
709.09	269.00
709.09	269.00
633.81	269.79
1192.59	270.02
1172.19	270.59
504.39	271.18
305.58	272.50
678.56	272.95
451.24	276.58
147.37	277.57
152.29	279.19
1134.70	279.48
1144.14	279.40
1188.91	281.06
466.64	281.73
466.64	281.73
675.55	281.27
454.16	282.51
1138.88	284.18
1190.47	283.92
1192.70	284.49
602.16	285.06
547.51	286.50
351.99	286.97
672.94	288.55
672.94	288.55
1188.46	288.66
1169.86	289.47
1169.86	289.47
487.66	290.76
178.17	293.03
162.65	293.88
291.31	293.97
291.31	293.97
427.00	295.60
564.36	297.23
158.75	297.41
158.75	297.41
95.36	298.09
157.94	300.05
210.87	300.42
320.10	301.87
1209.72	302.43
119.37	303.90
572.60	308.54
39.94	309.87
1120.57	310.03
1172.84	310.92
674.38	312.83
674.38	312.83
148.68	313.53
148.68	313.53
163.21	317.09
248.75	317.12
1133.66	317.65
1219.64	317.49
204.87	319.39
958.51	319.32
851.93	320.06
1118.08	319.80
928.96	320.42
1178.02	321.20
228.40	322.33
1226.38	322.75
196.84	323.83
500.68	323.36
958.74	323.39
958.74	323.39
1123.59	323.98
160.20	324.58
160.20	324.58
1168.96	325.54
1210.40	325.38
124.86	326.44
1218.09	326.61
1146.66	327.08
404.04	329.80
438.66	331.44
448.40	332.02
1127.34	331.73
121.03	333.84
71.40	336.35
1124.20	338.28
268.55	338.80
329.95	340.39
329.95	340.39
137.95	341.10
1124.41	343.22
93.23	344.30
93.23	344.30
975.35	344.51
975.35	344.51
975.35	344.51
975.35	344.51
975.35	344.51
975.35	344.51
1163.43	344.56
1163.43	344.56
1054.99	345.48
1124.63	347.44
116.88	349.46
1172.74	349.90
1119.93	352.37
1058.58	353.88
1143.63	353.84
1111.04	356.50
111.66	357.84
1216.18	358.29
1216.18	358.29
205.07	359.03
834.26	359.80
1135.27	361.11
1144.96	362.07
319.26	363.41
200.88	364.50
1117.09	365.11
180.43	365.36
833.00	365.60
860.04	365.36
1088.27	369.10
82.10	369.48
82.10	369.48
324.20	370.65
829.89	371.77
1076.62	373.42
1134.49	373.35
1067.10	373.78
191.35	374.33
1122.12	374.70
1181.47	376.02
1181.47	376.02
838.72	377.40
1142.16	377.91
1184.99	380.09
1130.02	381.18
214.00	382.07
214.00	382.07
239.04	381.92
43.71	382.57
1170.54	382.96
1121.98	383.34
138.09	388.13
1086.48	388.56
1095.31	389.57
35.97	395.02
35.97	395.02
1084.62	394.59
13.02	402.02
107.02	412.94
130.07	413.44
158.00	413.62
235.60	415.45
1110.14	415.84
81.57	416.47
148.30	417.57
88.82	418.08
173.22	418.71
153.63	420.16
822.44	423.15
129.88	423.65
178.15	423.95
120.84	425.01
182.51	425.64
1089.66	426.37
1079.99	426.79
116.99	429.53
1099.88	430.64
160.04	432.26
1084.33	431.92
82.43	432.81
1086.21	434.45
122.24	435.10
122.24	435.10
105.49	436.44
201.18	436.40
161.57	437.44
161.57	437.44
1084.25	437.34
72.79	438.86
151.44	439.46
43.07	439.95
176.10	443.07
764.04	443.22
1084.32	442.96
87.85	444.02
27.43	445.32
211.90	445.66
211.90	445.66
198.05	445.81
1079.92	446.76
112.81	447.60
112.81	447.60
121.21	447.64
73.68	448.17
798.99	448.18
1046.84	448.09
178.69	449.45
796.39	449.68
24.10	450.63
185.20	450.47
195.12	450.53
1100.10	451.39
13.12	455.47
64.68	455.24
64.68	455.24
92.46	456.01
38.90	456.59
219.93	456.98
195.62	457.40
195.62	457.40
67.22	457.91
74.89	457.96
102.06	458.38
85.41	459.04
48.14	460.39
34.46	461.49
139.44	461.34
160.23	464.16
1104.56	464.27
1075.53	465.63
25.70	466.59
577.37	466.58
631.40	466.59
631.40	466.59
717.60	466.25
22.73	468.82
622.66	469.03
72.52	469.56
43.88	470.08
107.08	470.15
572.02	470.20
572.02	470.20
692.95	469.89
14.31	471.62
203.68	471.26
57.09	472.02
57.09	472.02
57.09	472.02
123.26	472.92
657.22	473.01
21.53	473.81
736.80	473.93
40.20	475.82
97.96	476.20
21.11	476.51
1077.05	476.63
196.63	476.94
47.48	477.31
1100.47	477.40
1092.01	478.41
552.12	479.52
720.48	479.45
95.54	480.55
62.21	481.16
62.21	481.16
151.85	481.96
568.20	481.96
571.30	481.87
178.08	483.21
562.71	482.94
589.08	483.02
709.47	483.48
58.08	483.95
221.19	484.33
535.32	485.38
575.75	485.45
707.61	485.97
154.94	486.74
154.94	486.74
77.70	487.27
638.52	486.78
597.69	487.44
60.18	488.20
516.08	489.10
1104.21	488.94
564.76	490.07
752.38	489.86
92.56	490.39
579.51	490.99
756.35	491.17
87.53	491.85
640.61	492.04
767.49	491.83
229.03	494.05
492.38	494.27
225.04	494.60
642.46	494.45
642.46	494.45
717.31	494.42
1101.44	494.57
154.39	494.93
553.45	495.00
213.19	495.58
222.03	495.32
498.21	495.44
232.25	496.41
232.25	496.41
107.55	498.05
716.06	498.58
529.84	499.20
50.56	500.48
61.45	500.30
61.45	500.30
635.27	500.52
160.72	501.25
160.72	501.25
184.35	501.13
595.84	500.99
1097.35	502.38
103.34	503.11
103.34	503.11
103.34	503.11
582.13	504.53
578.88	504.68
578.88	504.68
706.23	504.93
108.16	505.39
154.38	505.39
504.64	506.41
8.27	506.80
77.89	507.11
1159.50	507.16
96.54	507.40
1163.50	507.55
1163.50	507.55
590.36	508.05
137.53	509.59
294.04	509.70
294.04	509.70
596.72	509.65
16.60	510.21
701.97	510.25
290.75	510.44
125.89	510.80
285.88	510.85
472.77	511.00
36.48	511.53
296.41	511.68
624.02	512.14
627.09	512.18
14.79	512.36
188.00	512.69
288.48	512.68
288.48	512.68
576.70	512.45
63.82	512.92
92.95	513.05
608.48	513.00
608.48	513.00
1084.45	513.07
636.31	513.34
300.20	514.44
638.87	514.62
638.87	514.62
297.01	514.80
297.01	514.80
635.44	515.42
334.53	516.04
609.08	516.45
173.96	518.23
992.94	518.17
998.43	518.57
336.47	519.20
1036.64	519.21
1043.41	519.05
58.16	519.46
95.46	519.45
30.93	521.08
92.82	521.03
293.98	521.01
649.36	522.04
686.07	524.79
3.16	525.29
3.16	525.29
3.16	525.29
121.70	525.45
192.09	525.88
739.40	526.37
209.59	527.32
130.13	528.03
215.48	527.89
215.48	527.89
221.02	527.99
751.26	528.07
751.26	528.07
564.84	528.40
638.18	528.27
617.82	529.14
655.77	529.53
146.18	529.92
146.18	529.92
191.66	529.95
203.62	529.93
552.29	530.51
778.42	531.32
778.42	531.32
170.27	532.31
170.27	532.31
634.35	532.45
162.61	533.08
40.29	534.39
40.29	534.39
40.29	534.39
225.70	534.41
115.05	535.43
207.15	535.34
218.03	535.45
102.43	537.68
154.04	537.29
109.29	537.86
10.98	538.64
21.83	538.58
961.47	539.70
237.06	540.04
684.77	540.16
30.60	540.44
226.53	540.53
226.53	540.53
191.18	541.52
107.94	543.06
107.94	543.06
107.94	543.06
186.88	542.94
87.42	543.46
52.93	544.37
910.88	544.05
11.87	544.54
84.82	544.48
157.76	544.72
223.19	544.38
682.88	544.93
933.65	545.07
190.54	545.85
251.10	546.20
701.45	546.33
701.45	546.33
902.00	548.12
192.68	548.55
122.48	548.84
32.35	549.90
922.63	549.98
680.66	550.55
693.41	551.38
166.48	551.47
111.92	553.08
264.00	553.56
93.42	554.25
93.42	554.25
112.08	555.82
93.96	557.07
11.61	558.51
16.08	558.53
731.74	558.61
44.87	559.53
92.52	561.31
92.52	561.31
92.52	561.31
209.96	561.51
415.65	561.62
677.00	561.34
775.47	563.41
776.62	565.82
776.62	565.82
59.55	567.25
22.72	567.57
729.42	567.79
6.62	569.22
668.57	570.98
738.38	571.76
738.38	571.76
229.77	572.37
736.57	573.98
736.57	573.98
667.30	576.72
789.54	579.06
60.21	581.93
39.86	583.21
817.64	583.53
27.07	584.79
705.39	585.12
705.39	585.12
863.98	585.57
78.51	588.00
698.02	588.28
65.07	590.35
778.43	590.40
16.41	590.90
24.94	593.07
24.94	593.07
54.35	593.37
711.94	596.43
711.94	596.43
787.82	597.50
717.93	598.85
740.67	602.41
75.18	605.24
222.95	605.15
762.41	606.19
1207.22	607.70
756.67	609.00
1152.73	609.65
785.48	612.57
2.36	616.90
795.81	617.49
40.32	622.50
564.05	623.38
727.36	625.38
31.16	626.87
31.16	626.87
31.16	626.87
568.95	628.59
568.95	628.59
568.95	628.59
568.95	628.59
456.90	631.65
779.94	631.67
556.68	634.70
781.33	634.96
573.01	637.01
675.58	637.11
775.81	641.82
713.37	643.15
909.19	643.69
88.02	645.49
660.65	646.97
660.65	646.97
660.65	646.97
719.42	647.51
88.00	647.96
677.66	649.92
878.52	651.70
695.91	653.34
678.91	654.85
678.91	654.85
748.82	658.79
883.61	659.11
680.88	660.90
680.88	660.90
655.07	662.10
731.95	663.55
115.75	664.22
122.67	665.45
682.40	665.29
682.40	665.29
684.87	667.38
683.04	668.49
683.04	668.49
763.59	670.48
686.89	674.57
686.89	674.57
731.03	676.19
756.48	675.91
123.07	680.81
829.28	680.69
859.42	682.58
171.92	683.16
183.15	686.54
743.90	692.37
964.42	693.04
813.25	696.09
215.07	698.34
228.95	701.30
236.61	706.23
547.03	706.87
547.03	706.87
795.89	707.98
261.42	711.04
581.09	710.94
34.10	711.63
688.46	711.95
558.56	713.08
624.65	715.01
1166.76	715.83
1166.76	715.83
768.61	725.38
50.60	726.37
549.57	732.20
432.24	732.42
1071.48	732.48
456.00	733.03
445.80	735.36
477.91	735.82
241.09	736.51
218.99	739.08
326.43	739.41
326.43	739.41
382.21	744.63
382.21	744.63
999.01	748.01
279.47	748.94
254.20	750.37
254.20	750.37
741.40	755.01
952.10	758.77
944.34	762.24
1086.91	762.62
1049.15	766.33
1049.15	766.33
251.95	766.71
251.95	766.71
846.77	767.84
736.24	768.69
644.30	769.03
644.30	769.03
501.91	775.65
919.39	776.11
80.86	776.51
100.16	779.54
508.97	780.03
508.97	780.03
508.97	780.03
508.97	780.03
479.23	781.66
237.29	783.49
959.51	783.67
196.67	784.63
969.44	785.23
197.62	787.62
298.70	788.37
298.70	788.37
219.25	790.61
329.05	791.08
329.05	791.08
329.05	791.08
958.12	793.50
380.92	795.21
570.45	795.48
277.69	796.06
939.88	797.71
585.60	798.62
906.67	798.58
906.67	798.58
182.94	799.91
557.54	799.88
1140.42	801.34
432.14	804.10
811.30	804.16
907.35	804.72
1024.93	804.97
1078.53	805.70
259.80	806.08
673.63	805.96
673.63	805.96
978.91	806.21
98.96	806.91
782.39	809.48
782.39	809.48
782.39	809.48
387.12	810.02
945.89	812.08
381.82	813.42
1131.49	813.37
512.30	814.94
512.30	814.94
540.50	814.61
128.57	817.18
264.16	817.54
686.99	818.45
295.73	822.03
295.73	822.03
696.34	823.59
696.34	823.59
284.12	824.10
779.71	825.26
1085.80	825.31
1110.05	825.30
1110.05	825.30
1082.91	826.59
330.55	827.18
350.46	829.11
845.62	829.26
1092.39	829.17
1092.39	829.17
1092.39	829.17
123.44	830.34
123.44	830.34
170.99	830.84
185.58	118.70
260.48	128.79
56.76	129.43
23.51	132.51
46.06	134.80
140.55	135.00
140.55	135.00
800.87	143.15
800.87	143.15
896.48	143.39
796.05	144.07
796.05	144.07
342.77	146.70
237.75	146.95
820.05	147.30
902.02	148.93
902.02	148.93
744.28	150.61
703.69	151.12
766.45	151.40
28.54	153.01
41.19	153.24
62.85	154.19
958.05	154.25
120.08	154.59
192.85	155.60
222.50	155.32
409.12	157.56
574.82	157.47
693.66	157.58
851.83	157.98
965.64	158.00
622.71	158.49
507.74	159.59
904.68	160.13
914.46	159.84
854.75	160.85
696.19	162.48
730.35	162.92
767.50	163.74
850.53	163.26
785.82	164.18
966.22	164.68
954.69	164.81
853.65	165.51
853.65	165.51
27.04	166.97
951.41	167.13
1137.37	167.61
1137.37	167.61
955.95	168.31
357.69	170.76
597.16	173.77
675.30	177.82
568.06	180.45
575.19	180.61
741.89	181.64
842.34	182.52
967.55	183.17
934.36	184.52
804.66	186.90
811.30	187.12
831.23	187.23
515.81	187.88
374.87	188.57
396.03	188.78
900.45	188.90
1141.84	189.67
811.37	190.73
814.89	190.70
836.61	190.90
842.70	191.12
851.17	191.06
865.02	191.52
913.94	191.41
590.41	194.47
990.40	194.39
1003.79	194.57
1217.46	194.65
1012.46	195.00
709.10	195.59
713.02	195.87
727.97	196.52
771.45	196.97
312.44	197.39
976.44	197.96
521.70	198.64
836.09	198.75
1085.39	198.63
8.48	199.20
528.63	199.05
536.56	199.50
800.50	199.38
200.90	200.07
416.72	200.10
891.52	200.07
891.52	200.07
448.45	200.69
463.28	200.52
463.28	200.52
591.40	200.51
591.40	200.51
947.33	201.42
947.33	201.42
866.40	203.04
1176.11	208.14
1104.10	208.66
83.94	209.11
1068.67	208.89
1086.57	209.07
1120.01	209.18
8.83	209.52
39.46	209.31
344.49	209.71
344.49	209.71
325.79	212.06
391.37	213.43
609.11	214.23
601.34	214.33
979.55	214.86
347.00	215.94
599.72	217.57
599.72	217.57
605.35	217.48
976.75	217.55
397.51	218.08
18.06	218.33
441.07	219.89
620.35	220.58
1054.99	220.58
53.66	223.61
461.00	223.61
199.03	225.35
369.86	224.79
434.47	224.91
1186.71	225.47
607.65	226.05
10.50	227.83
10.50	227.83
1175.80	228.43
268.61	228.97
285.47	229.14
239.39	229.37
239.39	229.37
260.93	229.54
1145.61	230.72
1145.61	230.72
32.58	231.06
1194.79	231.51
377.77	233.95
1177.66	234.23
1168.65	235.60
236.87	235.73
1087.60	236.73
208.03	239.46
208.03	239.46
270.64	239.31
1066.22	240.75
1066.22	240.75
395.82	240.75
372.89	242.42
39.11	243.50
1154.27	244.30
1220.75	245.10
852.15	248.18
1186.85	248.60
1186.85	248.60
75.45	251.63
1046.02	251.28
360.58	254.07
1183.41	254.46
386.45	255.71
481.28	257.07
1176.51	256.98
749.49	258.78
754.47	261.22
754.47	261.22
334.29	262.39
687.68	262.34
832.77	262.60
1129.89	265.12
583.45	267.64
17.03	268.08
506.14	268.06
15.52	271.74
1156.97	271.93
1126.60	272.69
1126.60	272.69
1126.60	272.69
1126.60	272.69
1189.97	272.46
1189.97	272.46
907.31	272.88
907.31	272.88
1208.97	273.35
49.92	274.37
265.41	275.85
265.41	275.85
1024.35	278.64
1119.67	280.17
706.31	280.41
1149.17	280.34
1157.14	281.03
1157.14	281.03
924.58	282.17
310.61	283.48
1151.34	284.16
1223.55	290.41
465.62	291.04
307.30	295.94
57.01	297.06
564.99	299.87
564.99	299.87
1151.70	302.24
1151.70	302.24
59.42	302.55
1101.34	303.45
269.27	304.46
169.96	309.42
248.15	310.27
1156.59	312.64
1192.32	312.27
431.58	317.69
431.58	317.69
447.86	319.13
42.59	319.74
48.34	319.32
48.34	319.32
281.01	319.60
1183.98	319.52
237.78	320.63
478.58	320.55
28.17	321.34
1148.10	324.36
15.89	325.03
1208.36	327.69
1208.36	327.69
501.43	328.76
1209.27	331.97
262.88	333.15
457.27	332.95
308.81	334.14
1221.87	335.34
179.30	335.62
1135.74	338.06
946.47	339.32
323.82	341.67
323.82	341.67
259.04	341.94
317.72	342.81
1147.50	343.90
1177.97	346.55
849.22	347.79
1153.97	351.06
1153.97	351.06
856.66	351.46
59.46	351.86
1134.77	356.73
1134.77	356.73
352.11	357.14
258.98	359.15
837.56	358.78
1138.36	359.45
1064.30	360.89
838.99	362.07
95.64	364.18
827.05	364.39
827.05	364.39
1065.60	366.80
1092.94	366.93
9.65	367.68
23.11	368.18
30.53	367.96
945.15	369.39
1073.74	371.87
865.29	373.07
125.81	373.83
1173.29	375.41
1173.29	375.41
1195.82	378.14
1166.36	378.89
114.44	380.33
307.44	380.31
28.54	381.98
1093.16	385.09
168.06	386.14
168.06	386.14
240.51	386.93
1087.88	394.56
833.81	397.22
913.68	397.43
4.67	398.39
1108.87	406.32
16.43	407.54
244.54	407.97
135.84	409.93
160.34	409.81
240.32	411.27
126.93	415.22
77.54	417.00
159.36	417.12
62.58	418.77
92.20	420.38
92.20	420.38
1075.52	423.55
1075.52	423.55
228.05	424.23
572.13	424.56
1083.50	424.29
821.48	426.06
1073.46	426.94
1102.65	432.16
1102.65	432.16
815.52	432.71
54.95	434.29
119.01	435.41
119.01	435.41
152.61	435.79
157.22	435.93
75.73	436.73
174.87	437.54
67.26	439.28
200.89	439.47
219.45	439.59
156.17	440.71
766.29	440.39
807.96	440.82
150.82	443.15
1117.54	443.43
810.50	443.82
139.12	444.47
139.12	444.47
205.82	445.15
801.66	445.20
45.58	446.02
770.61	445.86
145.63	447.36
108.39	448.91
108.39	448.91
155.05	448.53
155.05	448.53
1114.20	448.62
28.15	448.80
1082.43	449.03
1082.43	449.03
46.05	450.49
1100.00	450.34
1063.81	453.23
1087.62	453.00
27.47	456.43
795.39	458.54
1063.73	458.34
158.71	458.81
63.56	459.33
72.87	460.25
66.05	462.65
144.46	462.37
1112.06	462.28
62.56	462.90
58.31	463.58
1063.91	464.14
658.19	466.64
1101.35	466.40
94.50	466.86
649.53	466.86
19.93	467.77
112.75	467.45
705.54	468.27
4.59	468.88
55.07	469.09
49.23	471.38
49.23	471.38
574.91	471.92
96.57	472.28
96.57	472.28
1064.64	473.61
102.90	473.98
218.15	476.43
975.33	477.13
700.20	480.16
50.37	480.60
707.53	480.41
160.44	481.22
715.65	481.95
131.17	482.67
1076.37	484.27
85.06	485.93
693.46	486.90
762.30	487.66
209.80	487.86
194.32	488.45
194.32	488.45
19.86	489.48
19.86	489.48
141.15	489.69
598.34	490.42
519.31	491.16
12.05	491.51
33.60	491.48
514.65	492.12
1021.02	491.47
1069.03	493.76
199.87	494.04
32.12	494.58
32.12	494.58
66.96	494.63
502.98	494.65
763.46	495.53
40.42	496.41
40.42	496.41
1001.49	497.04
1070.53	497.38
81.82	497.83
1007.28	497.88
255.26	498.58
255.26	498.58
585.30	498.32
43.30	498.92
43.30	498.92
643.08	499.70
767.46	499.42
588.67	500.53
1076.44	500.89
138.82	502.76
283.04	502.89
503.29	503.35
491.07	505.03
597.54	504.95
758.97	504.99
171.79	507.21
615.32	507.10
615.32	507.10
152.55	507.44
199.81	510.04
199.81	510.04
769.87	509.64
748.89	511.62
440.60	513.10
77.51	514.73
16.53	515.19
51.34	516.08
426.82	516.72
599.04	516.70
164.77	517.07
199.59	517.85
74.68	517.90
14.62	518.57
454.20	518.50
712.81	519.67
567.43	520.09
567.43	520.09
102.42	520.86
752.23	520.76
8.18	521.87
144.85	521.34
638.67	521.83
638.67	521.83
47.08	522.48
626.90	522.83
626.90	522.83
127.67	523.60
95.63	524.18
95.63	524.18
201.52	524.15
682.39	525.19
131.95	525.93
29.20	527.60
103.35	527.40
51.51	528.53
987.09	528.44
664.12	529.25
780.69	529.09
755.04	532.62
90.87	533.31
36.30	533.96
99.06	534.10
17.38	534.94
17.38	534.94
84.46	535.08
24.69	536.38
144.78	536.30
202.22	536.70
225.40	537.39
393.83	537.53
393.83	537.53
14.30	539.09
119.11	540.70
392.07	540.48
392.07	540.48
165.97	541.34
736.20	544.85
736.20	544.85
52.90	545.07
52.90	545.07
28.15	545.44
173.86	545.30
106.37	546.47
232.97	546.98
238.55	547.02
59.91	549.13
92.94	549.12
92.94	549.12
165.41	548.89
223.00	549.46
44.12	550.04
219.11	551.16
219.11	551.16
894.07	551.63
36.06	552.74
1049.33	553.94
789.33	554.86
69.70	556.17
773.58	558.14
110.18	560.49
875.23	560.35
224.21	565.31
210.70	566.12
210.70	566.12
98.71	566.47
420.60	568.21
857.07	568.57
724.35	569.74
779.39	575.69
85.75	576.71
740.53	576.44
690.27	580.82
663.35	583.14
734.30	585.50
860.93	587.17
726.42	590.33
726.42	590.33
735.74	592.92
666.72	597.06
735.84	597.17
663.06	597.34
769.78	599.07
834.86	599.56
3.60	600.36
3.60	600.36
71.85	604.15
720.88	604.08
55.42	607.33
58.10	607.71
58.10	607.71
726.76	609.72
74.40	612.52
691.93	613.00
707.65	614.05
707.65	614.05
599.15	621.64
599.15	621.64
720.01	624.09
71.90	626.90
580.95	627.17
580.95	627.17
459.87	630.62
569.39	632.22
569.39	632.22
753.38	637.40
573.91	639.97
693.58	640.41
583.60	646.57
770.83	652.42
767.53	658.68
762.73	666.55
760.55	675.46
44.68	679.98
44.68	679.98
177.37	687.55
192.63	689.03
64.17	691.47
699.49	691.58
208.14	696.23
146.99	699.41
705.92	711.16
584.59	718.05
345.33	725.73
350.89	729.00
572.08	729.64
377.42	731.88
514.78	732.54
393.35	733.02
501.14	735.82
1042.64	750.03
1019.51	757.47
366.31	757.92
1005.77	770.54
551.47	780.81
794.24	781.52
52.06	782.55
402.94	784.68
402.94	784.68
426.00	785.41
426.00	785.41
732.36	786.56
988.04	788.91
389.53	790.49
880.38	791.10
880.38	791.10
138.24	791.43
138.24	791.43
559.59	792.60
559.59	792.60
559.59	792.60
303.50	795.92
1099.89	800.38
620.00	803.19
75.60	803.44
1071.04	805.47
761.91	808.88
1122.82	809.49
470.62	812.03
942.59	813.47
289.09	822.65
814.66	829.96
888.54	830.56
228.95	127.64
775.44	137.31
830.74	143.07
810.95	143.89
865.47	145.74
870.91	145.94
351.05	146.87
362.59	150.19
376.40	151.42
376.40	151.42
17.91	153.37
867.93	153.37
867.93	153.37
941.82	153.54
719.30	153.92
929.88	154.02
773.73	155.00
962.45	155.22
789.43	155.56
785.21	155.93
919.96	157.04
727.10	159.20
782.30	160.57
646.55	160.84
958.23	161.49
689.02	162.09
871.19	162.01
871.19	162.01
871.19	162.01
718.67	162.05
868.24	165.67
874.94	165.80
854.43	187.58
185.84	187.88
820.52	190.73
827.31	190.83
832.93	191.01
878.95	192.04
909.20	192.30
971.48	193.89
1077.19	194.36
1167.63	194.36
1167.63	194.36
1086.71	194.83
1097.80	195.20
1161.86	195.01
1161.86	195.01
650.06	196.09
722.65	196.10
1113.96	195.80
297.04	197.59
885.11	200.01
742.25	200.26
61.38	200.98
193.69	200.83
367.56	202.22
1097.34	204.77
566.23	205.69
234.00	208.36
1059.61	208.51
570.12	208.97
933.01	209.31
461.14	210.20
473.67	210.03
576.30	209.73
483.16	210.29
636.47	210.87
636.47	210.87
623.21	214.23
633.82	214.90
561.38	217.72
589.83	220.51
1006.00	221.39
1061.92	223.54
999.72	224.22
378.02	224.33
1227.74	224.52
1089.18	228.56
373.83	230.84
1103.50	235.19
1103.50	235.19
219.37	235.64
242.77	236.12
471.23	239.95
31.53	243.14
1175.05	243.47
1175.05	243.47
443.06	245.19
920.14	244.90
623.61	246.62
1060.71	247.43
1060.71	247.43
705.56	248.59
705.56	248.59
688.55	248.76
688.55	248.76
1053.53	249.84
1070.96	251.76
239.57	253.32
56.78	254.62
467.87	255.95
722.95	255.71
722.95	255.71
1126.42	257.37
727.48	258.46
1182.07	258.08
770.35	258.94
770.35	258.94
684.12	259.80
603.58	261.01
1041.70	261.60
441.23	262.75
811.07	263.68
811.07	263.68
837.44	268.28
425.77	269.43
393.74	270.39
393.74	270.39
444.20	271.23
1178.42	276.28
565.40	276.95
1075.79	277.00
1040.88	277.63
25.41	279.15
25.41	279.15
35.35	280.17
15.85	280.30
1032.77	281.73
698.20	282.39
924.52	282.52
1158.61	285.69
1158.61	285.69
1158.61	285.69
1200.68	285.44
154.47	285.83
154.47	285.83
475.59	286.49
475.59	286.49
1152.80	287.96
417.45	288.68
374.25	289.06
339.44	290.57
339.44	290.57
486.54	290.68
137.68	292.06
354.68	292.27
458.85	292.87
1196.18	295.62
215.45	300.70
371.41	300.41
355.76	300.83
355.76	300.83
533.04	301.03
325.48	301.24
1118.49	301.64
1129.90	302.34
1200.17	302.22
1217.29	302.47
244.49	303.46
197.00	304.28
552.79	304.60
552.79	304.60
29.29	308.68
199.31	309.15
522.12	310.40
115.74	312.23
311.04	311.81
1162.72	312.18
1178.33	314.73
1226.37	314.34
408.50	319.41
509.75	319.57
19.08	321.58
1218.22	321.52
90.67	321.88
90.67	321.88
1119.70	324.16
372.71	324.86
258.00	325.39
931.46	327.25
1154.80	328.48
100.32	336.26
37.99	338.07
7.60	340.12
7.60	340.12
1052.56	339.88
215.81	341.28
1150.99	342.06
1147.21	342.51
849.15	347.58
933.19	347.34
323.08	347.84
1150.80	348.02
1141.00	349.11
139.68	350.19
1055.99	349.83
1055.99	349.83
1159.41	352.17
1183.40	353.82
1183.40	353.82
229.25	357.12
229.25	357.12
54.45	357.49
1113.28	357.32
1121.02	359.11
1226.56	359.10
1226.56	359.10
310.15	364.19
1117.84	364.43
168.24	364.96
1121.62	368.02
211.73	374.51
211.73	374.51
1206.63	374.36
1165.09	375.39
1165.09	375.39
67.67	376.65
67.67	376.65
830.60	382.08
173.71	387.57
1080.56	391.07
102.20	416.07
134.39	417.51
1107.01	418.79
1080.47	421.32
70.04	422.97
232.97	423.49
62.87	424.29
131.30	424.50
52.98	426.08
215.85	427.01
183.24	430.14
111.42	430.48
78.62	433.95
183.61	434.40
51.02	435.82
51.02	435.82
1073.49	438.40
90.47	441.18
1096.77	441.17
107.26	442.33
166.27	446.41
24.23	446.87
215.56	448.09
1087.45	448.96
1099.94	449.55
64.17	449.49
80.01	450.00
60.02	450.40
164.72	451.71
1092.38	452.49
1092.38	452.49
83.98	455.57
116.72	455.76
40.09	456.94
1088.24	458.74
12.51	468.43
135.53	469.29
631.92	470.29
40.48	475.55
28.01	477.53
1088.97	477.64
79.45	480.26
79.45	480.26
195.94	480.59
755.94	482.95
547.78	485.89
589.83	486.14
950.95	488.92
1025.88	490.46
1080.11	490.39
568.83	491.10
136.88	491.86
129.75	491.44
160.48	492.24
1047.32	492.19
209.41	493.53
209.41	493.53
605.23	494.82
568.06	495.98
524.97	499.16
601.21	499.87
569.60	505.45
624.79	506.77
988.10	507.91
746.25	508.66
111.43	509.58
133.87	509.68
1084.93	509.55
576.31	513.06
136.78	514.57
328.18	514.45
328.18	514.45
61.05	515.07
566.58	515.14
434.10	516.66
9.97	516.89
70.34	517.04
686.06	517.27
632.26	518.01
586.97	518.86
748.67	518.77
427.30	520.15
555.65	521.07
160.59	521.60
584.48	523.28
9.58	525.15
170.64	527.70
170.64	527.70
206.10	527.52
299.41	527.63
299.41	527.63
299.41	527.63
96.73	528.54
12.80	528.84
106.94	529.45
475.66	529.38
152.34	529.90
545.92	531.03
14.55	534.53
69.81	535.12
105.66	535.46
192.06	537.17
36.94	538.70
625.87	539.05
17.57	541.30
156.01	541.71
240.90	544.21
240.90	544.21
216.77	544.64
754.50	548.12
137.15	549.50
137.15	549.50
173.18	549.38
223.10	549.48
908.09	552.53
698.95	554.25
718.10	553.85
737.11	555.83
109.33	556.57
870.99	558.32
1064.20	557.81
1064.20	557.81
114.54	558.59
721.60	560.39
702.91	561.92
1078.37	562.57
1078.37	562.57
1078.37	562.57
869.65	563.46
758.01	564.04
45.33	568.92
95.34	569.22
852.75	571.38
849.98	572.96
842.59	575.99
779.09	576.31
427.29	578.29
5.24	580.49
5.24	580.49
5.24	580.49
671.95	580.67
739.45	583.04
730.77	590.19
21.37	590.69
21.37	590.69
21.37	590.69
716.47	591.38
814.20	594.15
705.87	597.95
662.34	603.41
785.99	604.07
702.70	607.84
718.35	607.99
723.08	608.05
796.85	608.44
796.85	608.44
734.58	610.77
734.58	610.77
11.07	611.77
698.87	615.24
687.70	618.52
574.40	623.86
720.05	628.49
720.05	628.49
702.41	632.30
689.88	632.87
717.01	636.87
779.69	640.84
585.17	641.81
585.17	641.81
710.49	641.29
565.31	643.70
550.12	645.96
777.62	646.10
689.72	650.07
713.79	654.83
713.79	654.83
551.41	656.20
719.06	659.32
658.76	660.49
758.27	672.53
734.63	673.62
760.49	675.55
754.87	683.07
746.26	686.22
186.80	690.56
710.26	692.38
710.26	692.38
228.88	700.81
257.04	712.82
37.62	714.63
37.62	714.63
628.68	718.07
529.61	734.92
1075.26	771.52
631.02	779.80
631.02	779.80
631.02	779.80
724.11	781.31
724.11	781.31
724.11	781.31
400.29	781.77
652.86	792.08
652.86	792.08
1183.01	796.75
264.79	813.79
387.79	813.84
17.79	105.90
252.21	131.91
356.09	144.31
836.25	143.65
845.12	144.73
811.95	148.78
697.91	153.43
697.91	153.43
729.39	154.24
876.89	154.01
876.89	154.01
296.97	154.51
818.84	156.42
818.84	156.42
938.93	159.66
803.07	159.95
706.04	161.15
878.89	160.96
718.76	161.79
897.47	162.21
897.47	162.21
798.81	163.74
944.05	165.04
125.26	171.08
754.66	176.79
819.57	176.80
836.17	178.19
846.94	178.53
887.08	179.18
612.37	182.07
691.07	182.24
747.03	182.18
621.56	182.70
762.98	183.07
956.90	189.19
643.06	196.45
61.11	196.74
44.64	197.86
1064.21	198.26
1071.42	198.11
1194.11	198.89
1208.84	199.63
1133.33	201.10
1140.81	201.87
541.98	206.97
382.38	207.73
393.48	208.47
556.16	208.41
654.59	207.93
616.69	209.48
616.69	209.48
627.21	210.62
627.21	210.62
455.40	214.45
455.40	214.45
464.69	214.89
464.69	214.89
332.20	217.87
411.65	219.48
481.83	218.88
493.23	219.27
434.93	219.85
1007.44	226.69
592.99	231.14
1147.94	242.04
1147.94	242.04
587.53	244.56
623.77	246.99
645.39	246.99
562.24	247.57
917.19	249.06
745.12	250.54
1086.17	256.37
1086.17	256.37
1205.28	256.06
770.12	258.80
386.94	267.19
386.94	267.19
1043.72	269.24
1043.72	269.24
367.99	270.31
367.99	270.31
426.16	270.31
291.72	275.11
1142.13	275.79
436.25	279.24
1139.67	280.78
478.28	281.93
671.09	282.92
882.39	285.47
310.93	288.28
310.93	288.28
257.80	288.63
550.23	288.54
1037.75	289.41
473.05	291.02
522.76	310.08
170.03	314.46
1113.89	313.62
1125.72	317.66
509.03	319.04
927.96	318.84
302.02	320.31
1197.32	319.83
327.90	322.13
327.90	322.13
428.34	322.30
1144.23	321.73
942.80	323.14
942.80	323.14
948.78	323.73
201.84	325.04
931.64	333.30
931.64	333.30
1144.80	335.22
1165.02	338.16
260.38	340.52
260.38	340.52
1175.13	342.21
1109.73	342.86
259.19	349.23
23.78	351.19
117.85	357.11
1188.41	356.97
834.68	365.27
309.82	369.52
157.55	373.96
1206.15	373.91
205.38	375.08
113.49	375.51
1128.65	383.10
1155.86	382.55
1148.55	384.21
276.82	386.16
8.75	386.96
8.75	386.96
1125.80	388.66
18.55	397.47
32.50	408.07
25.37	408.71
107.77	414.10
124.17	415.89
75.14	424.08
75.14	424.08
111.80	430.22
111.80	430.22
71.00	431.48
810.91	431.88
182.01	443.41
1072.22	444.15
226.18	444.39
99.08	447.27
90.21	448.07
794.42	452.70
76.95	454.85
76.95	454.85
56.27	457.55
1074.21	459.30
790.58	459.51
33.28	461.84
643.08	467.69
648.70	471.34
648.70	471.34
1100.85	471.89
159.23	473.06
6.70	473.60
74.91	473.55
708.52	477.33
204.97	479.38
76.70	484.83
595.90	485.31
609.30	484.86
609.30	484.86
149.92	486.30
90.36	487.64
574.56	489.95
216.94	504.10
559.51	504.20
197.78	504.80
620.13	504.88
637.95	506.36
692.79	505.78
159.98	506.76
147.65	507.82
564.71	509.21
564.71	509.21
49.36	509.74
157.30	511.39
157.30	511.39
515.99	511.08
643.66	514.36
738.25	514.99
132.13	516.14
744.00	516.18
744.00	516.18
63.16	518.95
641.30	520.67
173.27	522.59
48.30	523.34
48.30	523.34
53.84	523.36
53.84	523.36
117.68	522.65
730.89	524.04
281.85	524.62
281.85	524.62
743.03	525.50
743.03	525.50
761.12	524.73
76.45	528.04
669.21	528.14
211.11	530.50
625.40	531.01
625.40	531.01
34.99	534.00
34.99	534.00
708.06	539.76
190.76	542.96
926.26	544.24
179.38	547.16
916.96	548.12
675.28	552.55
712.92	553.61
900.74	555.53
1079.23	555.77
1055.96	557.02
750.28	558.94
84.58	559.63
56.80	562.83
223.39	563.22
883.34	564.08
909.54	565.69
22.23	566.72
717.27	567.34
875.40	567.73
205.14	568.88
223.76	570.22
865.52	571.69
5.46	578.35
852.24	577.87
25.04	582.11
716.81	583.86
666.18	587.28
671.74	587.62
742.51	587.40
47.58	594.30
47.58	594.30
668.53	597.36
730.59	597.36
724.96	598.58
709.88	601.29
49.93	609.54
227.98	611.48
574.23	631.13
574.23	631.13
690.15	632.04
783.04	633.57
590.70	637.72
590.70	637.72
577.32	639.92
550.54	641.24
550.54	641.24
81.33	646.73
672.66	652.73
747.61	654.98
747.61	654.98
735.72	667.76
735.72	667.76
917.90	671.76
917.90	671.76
729.34	702.82
697.65	713.77
295.30	722.07
328.30	726.95
518.96	735.96
172.32	118.80
782.04	142.31
769.53	144.66
767.27	152.11
886.01	152.09
212.46	153.27
948.57	154.32
901.12	157.11
558.10	158.26
585.75	158.79
753.06	162.37
776.22	162.53
829.12	164.07
889.30	165.10
919.20	165.53
523.06	174.18
540.83	174.10
554.25	174.43
606.79	175.40
743.61	177.05
764.00	177.08
915.32	180.55
583.56	181.76
590.88	181.40
653.20	182.64
653.20	182.64
705.36	182.94
646.09	190.56
532.83	192.97
878.85	193.27
878.85	193.27
887.27	192.91
887.27	192.91
1023.04	197.02
399.92	208.29
1121.80	207.58
449.01	208.90
569.79	214.09
569.79	214.09
640.15	217.06
355.94	217.85
376.09	219.35
450.42	220.32
562.54	219.20
468.01	221.21
572.23	221.90
621.27	221.92
228.90	223.86
676.24	241.21
708.72	241.61
584.79	247.99
588.95	257.58
461.47	262.25
538.99	267.56
229.03	270.52
229.03	270.52
880.18	278.54
281.46	283.29
516.11	283.41
873.78	287.37
1045.46	289.02
465.50	296.19
165.61	298.43
14.46	300.56
597.51	301.85
476.05	313.53
954.55	319.33
57.58	320.09
1191.06	320.98
1060.75	322.02
1050.15	326.52
1050.15	326.52
939.37	329.79
939.37	329.79
179.69	329.89
179.69	329.89
841.74	331.81
948.76	331.78
40.92	332.99
1217.73	332.92
145.55	335.08
1158.35	338.01
15.34	339.71
392.85	341.14
305.91	342.40
353.13	341.78
353.13	341.78
1177.37	343.24
1048.89	344.17
1157.09	347.27
900.91	352.13
1061.32	355.00
295.48	365.81
295.48	365.81
1140.23	366.06
983.21	369.15
1098.32	372.26
1221.77	372.73
89.39	375.04
834.33	376.09
1127.03	376.78
1137.74	381.27
1125.94	396.86
108.35	407.27
1103.96	406.87
1125.33	408.70
1124.32	420.80
231.27	428.44
1122.32	431.59
206.18	439.31
132.68	444.14
71.20	446.74
95.57	459.77
85.53	462.14
784.40	461.69
712.03	464.35
206.04	466.37
101.59	479.32
576.32	483.10
120.14	484.23
558.59	485.80
643.07	486.56
613.39	491.11
531.61	495.04
204.08	497.44
572.27	499.33
572.27	499.33
37.89	501.38
37.89	501.38
164.78	501.99
234.85	502.03
458.28	513.09
41.08	514.92
116.91	515.32
199.21	523.08
572.85	524.78
224.20	526.92
69.08	528.54
101.01	529.28
101.01	529.28
682.35	534.76
150.05	537.96
208.96	538.33
702.35	541.48
144.93	542.83
397.41	542.92
397.41	542.92
76.33	545.36
76.33	545.36
76.33	545.36
160.81	546.52
122.83	550.16
159.72	553.87
694.73	558.49
102.08	566.27
699.42	570.18
91.28	573.05
777.81	579.36
16.67	579.59
755.88	585.37
225.17	600.64
792.35	603.68
792.35	603.68
789.74	615.69
726.15	617.02
9.00	621.16
567.20	621.18
553.45	631.58
563.89	632.73
73.17	636.00
688.86	638.83
507.94	644.17
773.76	657.17
125.17	670.73
753.20	686.35
692.81	689.03
735.54	699.94
1088.71	728.04
827.12	136.31
828.73	145.88
162.77	153.00
193.11	152.83
368.69	153.54
368.69	153.54
394.81	155.38
394.81	155.38
405.81	155.02
933.04	164.65
88.46	171.85
171.66	172.15
296.04	171.75
305.70	172.02
320.39	171.96
342.86	172.46
379.04	172.03
403.26	172.77
970.75	173.36
148.43	181.31
171.27	181.36
607.99	189.57
1054.09	199.00
728.85	205.90
310.86	207.02
310.86	207.02
580.02	214.82
1166.72	234.64
737.60	248.60
959.83	249.37
198.78	259.46
1034.96	268.89
677.28	284.95
677.28	284.95
170.96	306.97
1103.32	308.25
237.27	312.57
205.00	314.24
123.23	322.15
123.23	322.15
81.23	323.32
1153.54	324.86
208.48	331.16
939.27	339.49
206.84	349.30
71.71	354.95
843.20	359.00
830.66	359.78
830.66	359.78
960.27	360.38
1141.79	360.93
948.81	365.88
840.41	367.28
77.69	370.72
77.69	370.72
1211.89	371.63
96.02	382.39
118.67	410.62
835.45	425.31
121.20	429.66
121.20	429.66
121.20	429.66
200.72	433.43
200.72	433.43
192.15	439.05
161.98	443.00
801.80	447.78
18.04	454.66
1080.25	455.02
141.44	462.94
20.74	464.46
623.93	468.79
102.34	470.75
10.52	471.69
125.84	476.67
125.84	476.67
9.22	480.66
1094.04	484.41
593.67	492.01
181.03	493.12
648.03	493.42
648.03	493.42
559.73	494.74
196.27	496.13
155.66	499.38
176.45	504.96
584.60	508.63
71.04	510.57
300.99	510.51
744.56	510.76
284.82	517.16
758.16	516.71
124.33	519.06
691.24	519.75
220.27	520.78
298.05	520.44
185.91	525.28
185.91	525.28
185.91	525.28
686.95	527.44
29.42	533.71
29.42	533.71
29.42	533.71
83.65	534.46
199.18	540.19
634.63	540.25
65.84	542.26
143.87	542.51
84.50	552.79
84.50	552.79
8.50	563.60
8.50	563.60
26.70	566.91
744.78	578.86
883.61	579.41
767.56	581.11
767.56	581.11
722.80	587.63
58.87	605.45
543.22	635.66
81.15	638.47
670.72	647.17
285.24	721.34
581.17	722.76
120.21	107.32
191.51	114.02
213.11	115.71
205.38	123.44
857.37	149.06
38.22	151.19
193.69	152.04
356.17	151.61
356.17	151.61
454.94	154.04
695.66	158.56
695.66	158.56
969.82	162.28
969.82	162.28
501.26	200.64
501.26	200.64
494.05	210.77
666.55	210.12
681.20	241.43
1037.82	245.56
847.15	250.10
847.15	250.10
993.79	259.63
993.79	259.63
1034.01	268.73
65.93	279.99
677.97	284.54
677.97	284.54
1081.16	283.26
59.88	291.54
597.84	299.53
1091.87	311.34
1091.87	311.34
1080.78	313.29
291.89	316.43
965.28	316.23
965.28	316.23
1170.33	318.70
273.99	322.77
1200.32	325.95
1200.32	325.95
455.53	328.79
1162.61	329.00
1162.61	329.00
66.62	333.01
265.05	340.74
860.81	345.85
840.83	348.77
1059.13	363.95
1146.67	371.69
162.03	388.03
77.06	406.27
123.23	418.63
66.54	420.92
66.54	420.92
66.54	420.92
242.71	424.65
215.22	435.95
215.22	435.95
1068.67	436.84
87.13	444.07
87.13	444.07
87.13	444.07
802.21	450.23
802.21	450.23
136.73	452.41
78.87	455.54
60.43	457.40
120.77	462.62
623.17	468.31
39.49	470.53
693.52	472.19
693.52	472.19
716.34	472.78
567.98	486.17
536.38	502.57
584.23	507.99
584.23	507.99
584.23	507.99
584.23	507.99
985.89	522.76
661.60	526.91
722.53	528.24
529.86	532.49
395.59	542.10
47.63	544.92
101.86	543.38
719.51	549.71
83.88	552.97
729.95	554.89
28.74	556.04
28.74	556.04
100.13	558.03
201.58	558.41
918.46	564.61
694.65	566.24
745.85	578.36
745.85	578.36
86.57	580.56
224.03	582.20
224.03	582.20
774.52	589.06
80.62	593.43
806.02	594.39
829.59	606.73
691.75	607.43
771.33	608.62
82.44	637.81
82.44	637.81
670.01	647.38
696.43	656.09
744.01	663.60
134.19	676.14
264.02	717.82
616.86	719.99
87.80	102.56
135.30	103.45
153.93	117.68
723.27	146.53
64.15	148.24
230.41	149.30
337.68	150.52
491.47	153.58
52.25	160.81
959.51	172.56
274.40	205.30
281.92	219.26
620.91	219.60
698.19	242.14
926.86	245.46
926.86	245.46
577.76	255.80
697.93	258.67
845.79	264.32
894.15	268.83
894.15	268.83
671.33	271.82
504.60	276.08
559.31	286.26
1123.45	296.40
490.17	297.55
1093.11	297.50
1093.11	297.50
1185.90	324.44
1185.90	324.44
363.29	345.53
1091.80	390.74
250.87	398.66
42.15	410.78
86.32	419.91
130.17	439.07
822.19	441.66
40.46	444.80
788.23	453.43
103.72	455.72
726.51	460.12
726.51	460.12
200.95	470.59
210.07	478.45
32.59	481.80
77.04	484.73
675.95	493.46
16.29	500.87
629.65	507.91
188.58	509.49
188.58	509.49
188.58	509.49
467.95	509.66
293.72	511.07
972.57	512.27
616.60	516.18
649.93	535.08
973.27	541.33
12.99	549.94
426.05	570.08
11.56	577.43
28.16	584.27
671.72	609.13
770.34	610.77
545.08	620.49
594.32	651.31
113.59	668.50
1170.15	787.68
310.11	147.43
746.17	156.18
25.41	159.47
789.99	168.93
808.60	170.32
265.02	221.52
1026.18	232.55
966.99	254.29
893.77	272.24
488.26	279.31
576.35	301.20
492.76	316.12
492.76	316.12
960.02	342.32
165.99	419.80
36.56	426.70
762.35	451.22
1080.10	461.39
555.27	471.52
1085.34	487.43
1024.04	489.55
579.96	500.30
83.73	521.47
633.01	527.24
127.38	535.65
227.39	535.72
772.81	567.02
696.87	592.35
709.67	607.54
747.94	608.09
785.87	612.42
768.84	613.92
757.42	642.17
595.33	651.28
714.15	654.12
723.39	672.96
136.56	100.20
778.14	155.16
888.70	155.35
869.33	173.04
600.77	246.96
600.77	246.96
903.59	251.42
628.86	257.43
759.95	256.37
759.95	256.37
393.68	329.19
1180.05	330.31
1018.98	341.06
1156.29	362.76
1131.76	370.31
97.83	400.86
92.88	468.98
145.91	476.10
106.76	486.96
62.47	500.39
108.34	511.67
108.34	511.67
147.64	524.60
147.64	524.60
450.84	522.22
450.84	522.22
210.77	568.73
788.55	609.29
87.24	633.51
453.00	641.32
453.00	641.32
467.51	744.66
260.45	142.04
1046.16	241.05
689.87	275.82
768.66	327.86
768.66	327.86
1043.73	355.89
1043.73	355.89
1106.70	364.88
300.49	371.33
852.15	377.07
852.15	377.07
140.24	404.34
215.63	443.92
767.99	472.67
348.26	531.04
348.26	531.04
189.73	557.07
59.19	591.61
921.18	131.21
657.49	266.89
833.85	287.20
1058.68	299.63
1091.83	418.59
600.08	459.46
750.19	527.09
921.00	126.92
934.32	235.91
346.75	337.44
600.13	453.48
1056.50	500.89
527.02	510.22
161.68	522.90
661.00	547.87
661.00	547.87
1068.67	254.60
911.04	298.93
944.54	353.61
121.69	481.95
121.69	481.95
623.13	493.32
623.13	493.32
261.26	567.43
261.26	567.43
674.17	692.70
87.41	125.55
539.30	189.07
413.42	319.53
184.89	459.94
608.39	749.80
538.42	270.23
276.92	445.52
635.60	588.83
851.17	521.75
978.22	601.28
144.57	616.74
144.57	616.74
597.59	644.37
836.88	371.97
